2000
760 -1490 1673
-686 -5903 5943
-47 -1000 1002
3736 5114 6334
-3553 2459 4321
2390 5599 6088
27 -2874 2875
-1758 1955 2630
2676 -6285 6831
-1777 -1353 2234
-1887 -3582 4049
6559 -2900 7172
422 -3161 3190
-5711 -3523 6711
-6592 499 6611
-1401 1894 2356
-2057 -6551 6867
1913 2855 3437
1143 2147 2433
3429 6408 7268
-3778 -2593 4583
-5441 6926 8808
1662 -720 1812
-4253 4681 6325
-6164 -1485 6341
-4643 3533 5835
-1872 5282 5604
-806 377 890
1663 -1383 2163
3542 4938 6077
4559 5811 7386
5798 312 5807
-1233 -1098 1652
7051 -4667 8456
-6920 -6024 9175
-4873 -5858 7620
1025 -116 1032
-5243 -5838 7847
-2890 -5415 6138
3946 6954 7996
3917 4203 5746
-4511 3696 5832
-5193 5957 7903
2593 -6947 7416
-2840 -6981 7537
4163 5506 6903
-3657 5655 6735
-4912 -6236 7939
3028 5236 6049
1305 248 1329
-1504 -3665 3962
-5615 1458 5802
-1288 4058 4258
6238 -6553 9048
1196 -5166 5303
3788 1224 3981
2176 -1191 2481
-6755 6789 9578
5820 -548 5846
7002 2383 7397
-5307 -5529 7664
3027 -2636 4014
4556 -761 4620
2668 -1027 2859
-3797 3971 5495
-3092 1574 3470
2060 -794 2208
4065 -6383 7568
-7031 269 7037
1769 -457 1828
5795 -4730 7481
6784 3918 7835
-2284 -2813 3624
-2413 2184 3255
-2575 6089 6612
5509 3350 6448
1852 -2014 2737
2998 821 3109
-1770 6983 7204
-6882 -6016 9141
2836 1210 3084
5760 -4225 7144
-3706 2869 4687
-2842 5928 6575
994 -1857 2107
1539 -739 1708
-2476 -702 2574
2852 -4343 5196
1718 -5648 5904
-6335 2689 6883
-6040 -956 6116
-5796 -2325 6245
-6037 6803 9096
-5241 3638 6380
4076 -5052 6492
4150 -5391 6804
-6607 5351 8503
-5507 -3325 6433
-1462 4981 5192
-7071 -3625 7947
-1828 -6324 6583
-3583 -4139 5475
4433 -2719 5201
-528 -5028 5056
1694 4461 4772
-3035 2326 3824
-2474 1563 2927
1720 2890 3364
3472 -1113 3647
-4944 2142 5389
-6060 1939 6363
6355 -5700 8537
-7053 4949 8617
-4722 1120 4854
6384 -4974 8093
-4615 5180 6938
3837 -3295 5058
-1196 -4794 4941
6211 -4660 7765
-4672 6226 7785
6260 298 6268
5174 -5337 7434
2100 4834 5271
7015 1252 7126
5097 -906 5177
4156 -5683 7041
-6847 1400 6989
-6879 -2391 7283
4616 2572 5285
4228 2962 5163
3438 5330 6343
-1011 2392 2597
-4534 1 4535
-100 -6775 6776
93 4333 4334
-1065 -1629 1947
236 -4941 4947
570 5248 5279
-1895 3270 3780
-4039 -1587 4340
2288 4321 4890
2027 -5044 5437
6698 -4034 7819
5462 -1975 5809
342 -5834 5845
-6716 1192 6821
-1021 2771 2954
-4681 -473 4705
2230 -2298 3203
543 5117 5146
5766 -158 5769
-263 -1869 1888
4531 -6201 7680
-3913 -3794 5451
-5328 -2096 5726
-6171 -2267 6575
5658 6858 8891
3694 -337 3710
6249 477 6268
450 1198 1280
6485 6061 8877
6176 -2214 6561
-3525 -639 3583
-6018 -510 6040
-5658 5398 7820
-3292 -865 3404
801 -4163 4240
-4831 4226 6419
-5630 1611 5856
3642 2134 4222
-2658 2411 3589
-2509 959 2687
-5617 -2060 5983
-7011 513 7030
-558 -884 1046
-3811 202 3817
-6422 -3497 7313
6982 -7026 9906
-4015 5487 6800
324 -3543 3558
1695 -6993 7196
6309 6674 9184
-3141 3501 4704
3715 -5928 6996
2571 2718 3742
3063 3191 4424
-85 6363 6364
-6918 -6680 9617
4439 516 4469
2105 -374 2138
-4271 3750 5684
3491 -1537 3815
2346 -5939 6386
-5858 -4123 7164
5643 2111 6025
-184 -3201 3207
2311 6246 6660
-1947 -4004 4453
-5116 5430 7461
5202 6713 8493
-5264 3015 6067
352 6614 6624
-6820 3712 7765
-1889 -2919 3477
-727 -6725 6765
927 -315 980
1858 -2135 2831
-5406 -1844 5712
3143 -3210 4493
4759 -1334 4943
-598 5404 5437
1474 424 1534
3135 -4405 5407
358 -2197 2226
-5662 -6370 8523
870 -2559 2703
-4237 4538 6209
-2093 2651 3378
2926 -3619 4654
-893 5166 5243
-1401 2943 3260
-1782 3074 3554
-259 -712 758
-4535 -6587 7998
2602 5788 6346
-2405 -4812 5380
5209 -5098 7289
-2059 7067 7361
184 -180 258
-1464 5219 5421
-6144 3337 6992
-4614 4365 6352
-766 -4471 4537
-608 -3285 3341
-1416 -2155 2579
3787 -5297 6512
4858 -3526 6003
-6448 2240 6827
-822 3777 3866
6276 -6628 9128
-5217 788 5277
-1186 -2488 2757
4684 2800 5458
-4687 5593 7298
-1613 6435 6635
-4349 -4229 6067
-3780 -89 3782
-4233 4675 6307
-1789 -4732 5059
-13 2688 2689
-3111 1504 3456
4854 6320 7969
-5485 -5623 7856
2622 -2447 3587
-5488 -3694 6616
6261 6202 8813
-102 -3773 3775
-840 -5196 5264
6618 -691 6654
2002 2951 3567
-6364 -3837 7432
3527 5738 6736
6647 -840 6700
6524 62 6525
5467 -3175 6323
5209 570 5241
-6277 -2759 6857
2655 -2162 3424
1936 4609 5000
-6356 2540 6845
2604 -1290 2907
-6659 -2469 7102
5668 -5656 8008
61 2270 2271
-4762 3766 6072
-5837 894 5906
-6141 5101 7984
-7067 2157 7389
-3161 -2860 4263
92 6350 6351
417 3646 3670
5177 1521 5396
2157 -402 2195
-4137 -3901 5687
3558 3062 4695
4977 -6777 8409
3228 -620 3288
5462 -3259 6361
5111 4768 6990
-5700 -6851 8913
-58 -3207 3208
1058 -5467 5569
-2399 -3754 4456
-6963 6446 9489
-3388 6155 7026
3183 2114 3822
-1047 5310 5413
5667 -4522 7251
1947 6863 7134
3970 4378 5910
5051 -1111 5172
-3240 -3845 5029
316 -1959 1985
-6612 -271 6618
-5107 249 5114
-1153 -6657 6757
3778 -308 3791
4439 3885 5899
4815 -1788 5137
1415 -6844 6989
-6994 1799 7222
2152 5830 6215
5209 -737 5261
-6671 -2528 7134
7050 6958 9906
5761 4693 7431
274 -3080 3093
2328 6644 7041
1425 1176 1848
-3327 5025 6027
-1950 -368 1985
-3104 1126 3302
-1417 -3503 3779
-4427 1715 4748
-1983 -1657 2585
-3685 4250 5626
-370 6587 6598
2934 5882 6574
3615 1950 4108
-2088 407 2128
-3397 4022 5265
4456 -446 4479
-2373 5585 6069
4946 2256 5437
6196 6103 8697
6931 -54 6932
2669 4665 5375
2388 5379 5886
-2874 -6940 7512
-4632 4297 6319
-163 1143 1155
5920 5977 8413
-1897 -3963 4394
-1082 5755 5856
-4567 -1644 4854
-843 -3545 3644
489 6805 6823
-6910 -3967 7968
1172 6499 6604
-2664 1972 3315
5739 4889 7540
-1564 -6741 6921
2470 -6855 7287
377 -5339 5353
1341 3414 3668
5314 -2856 6033
-3614 2959 4671
1538 -6929 7098
6289 -6623 9134
4181 356 4197
1438 -3219 3526
3042 -4366 5322
3779 -4126 5596
-5011 -5717 7603
4374 4939 6598
-1148 -4063 4223
-4445 3014 5371
6069 -2390 6523
5716 5739 8100
-4885 6208 7900
6565 -5984 8883
-4070 6863 7980
7052 5238 8785
1467 6764 6922
-4895 3581 6066
-5537 5118 7541
513 2328 2384
-4036 -3649 5442
-3877 -4481 5926
-5059 -1902 5405
-600 -6690 6717
2404 -1381 2773
-5603 -6369 8483
-5158 4986 7174
901 -4457 4548
305 -496 583
3542 -4829 5989
-5026 -5766 7650
-4057 -1526 4335
-4746 2461 5347
1840 4615 4969
-4513 5627 7214
-42 -6610 6611
6479 6034 8854
3996 -6263 7430
249 6860 6865
-5472 -4854 7315
3933 1475 4201
-1600 -1282 2051
-4003 -4615 6110
-2539 -94 2541
-3705 -4064 5500
-6740 -4515 8113
-2671 -3948 4767
-4250 1820 4624
-5223 -5144 7331
-1812 -213 1825
6548 327 6557
-780 -3988 4064
-6610 523 6631
5986 1122 6091
1295 4862 5032
4445 -6196 7626
6233 -1929 6525
3575 3686 5135
1876 7030 7277
3581 5190 6306
3633 6751 7667
4143 -3299 5297
-3261 7015 7736
-6375 -5024 8117
-5299 4578 7003
6835 -3038 7480
-906 -6835 6895
-4144 -1207 4317
-2827 5440 6131
3777 45 3778
1134 -2837 3056
3524 -6419 7323
3003 2110 3671
-2408 4725 5304
5440 4817 7267
-2603 -1699 3109
219 -344 408
3197 6743 7463
1465 -3678 3960
6274 -1099 6370
-6405 -6101 8846
-2131 6988 7306
3532 4373 5622
-4260 -3832 5730
5803 -5573 8046
-5775 5203 7774
-4294 6164 7513
1387 5502 5675
5274 898 5350
-457 -6076 6094
-3207 2405 4009
1424 -2932 3260
-3906 -6426 7520
685 98 692
1771 -650 1887
2627 -6017 6566
1184 -4927 5068
-6932 4730 8392
-2617 -6094 6633
5130 5987 7885
-3716 -2391 4419
1579 -4858 5109
3580 -1187 3772
1942 -873 2130
-6578 -5593 8635
3726 1877 4173
-3950 4104 5697
-590 -2263 2339
-6725 5115 8450
-6665 6376 9224
-4710 5607 7323
3994 -2394 4657
1600 1668 2312
-1519 -3888 4175
5381 2337 5867
-3291 6687 7453
1600 2379 2867
-215 5495 5500
1892 5207 5541
3788 7049 8003
-4428 -2619 5145
-1129 620 1289
3447 -4770 5886
-692 -939 1167
224 3515 3523
-4571 -6971 8336
1273 -6096 6228
834 3244 3350
6773 2662 7278
4461 -2213 4980
-6863 -2942 7468
1614 1194 2008
24 2916 2917
-2849 1922 3437
-850 -2995 3114
-596 4663 4701
-4882 -1101 5005
-2646 1157 2888
-4312 5184 6743
-802 6874 6921
-3163 -3986 5089
-697 -6595 6632
2646 -3562 4438
-6233 2745 6811
-2098 -1823 2780
1433 129 1439
2621 4929 5583
2666 689 2754
-5183 -2630 5813
6974 2177 7306
-4551 2492 5189
-2859 1014 3034
-256 -6428 6434
5316 -2939 6075
-2531 5438 5999
112 -3494 3496
5769 3077 6539
-4831 866 4909
3596 -1911 4073
-4491 7065 8372
3891 -1595 4206
-3188 1038 3353
-3341 -794 3435
-3880 -5419 6665
-3261 -5970 6803
-2688 -2614 3750
-554 3298 3345
3371 -1425 3660
-5921 3459 6858
-3924 5971 7145
1782 -4950 5261
6767 1547 6942
-1814 -3892 4294
-2533 1117 2769
-339 4825 4837
6964 -2344 7348
6850 1623 7040
5685 -1479 5875
143 -3495 3498
-6862 -3961 7924
-3126 -5953 6724
5083 6198 8016
-3205 3272 4581
-5425 -6351 8353
4698 4286 6360
668 6999 7031
2297 -5955 6383
4462 -1114 4599
-3978 4261 5830
2755 2897 3998
595 5482 5515
4421 6807 8117
2721 -5673 6292
2444 5335 5869
-3880 -5451 6691
-6332 1841 6595
-1812 -2375 2988
2917 -1460 3262
-6290 6300 8903
-371 3814 3833
-10 -689 690
1445 2168 2606
4509 5519 7127
43 -3436 3437
-5395 -3999 6716
297 6785 6792
2755 -4647 5403
1295 -2765 3054
5526 2085 5907
-3728 -4542 5877
-849 3306 3414
3012 6834 7469
910 1678 1909
-6896 6344 9371
6493 4576 7944
2559 -423 2594
3203 4021 5141
5559 -5525 7838
-6441 -6267 8987
6382 3528 7293
-3033 4018 5035
2393 465 2438
5768 1946 6088
-1341 5476 5638
-6719 -1156 6818
-7034 6158 9349
-5575 5345 7724
-3833 6965 7951
4893 5074 7049
-4224 4418 6113
-6051 -2157 6424
-695 -885 1126
-1794 5534 5818
1936 -2902 3489
-1959 -6296 6594
-6459 -707 6498
4717 6883 8345
-1062 -726 1287
2538 6349 6838
-4978 939 5066
1596 -2007 2565
3763 -4017 5505
3451 -3610 4995
1703 -5362 5626
-4348 -4561 6302
-6766 -6346 9277
-6981 4866 8510
1600 -5479 5708
3505 -31 3506
4585 -3857 5992
-3618 398 3640
327 -1899 1927
-2433 5393 5917
3715 -1174 3897
5495 -5199 7565
1522 4608 4853
-3920 4851 6237
-4181 -4675 6272
-3000 4331 5269
-2891 1779 3395
6712 -2932 7325
-3166 5871 6671
2672 -1306 2975
-4156 -1204 4327
4591 241 4598
4380 -6411 7765
318 3786 3800
4255 2527 4949
-5577 3772 6733
-592 -543 804
-6615 -3307 7396
706 -5380 5427
4461 2684 5207
2854 -542 2906
-1315 4454 4645
1268 -1384 1878
7006 1121 7096
5831 381 5844
-4142 -732 4207
-4384 -1914 4784
5916 -3578 6914
6341 6139 8826
5808 2135 6188
-2847 4056 4956
-5250 112 5252
5165 4202 6659
6179 -5944 8574
4867 7054 8571
-3868 -5647 6845
-1944 6675 6953
-2429 1070 2655
3424 -2614 4308
5110 -811 5174
1417 37 1418
5578 5472 7814
2449 -5920 6407
-6387 1566 6577
-2314 4824 5351
-321 6410 6419
-4779 2846 5563
4491 -4327 6237
-2162 4738 5208
-6280 -2171 6645
6083 2322 6512
-1128 -808 1388
4603 5294 7016
-4849 2735 5568
-4334 -6532 7840
6185 1875 6463
-3801 -3618 5248
-5834 -5385 7940
2844 -6700 7279
-935 -1122 1461
639 92 646
1556 4777 5025
70 -5475 5476
-1886 -4541 4918
4303 -2028 4757
-6299 -1277 6428
4334 3766 5742
3913 -5913 7091
3164 3691 4862
-2025 -6486 6795
-2455 -5232 5780
4214 855 4300
150 -2123 2129
-3140 -1909 3675
2837 -323 2856
-3725 27 3726
-4346 2059 4810
2369 4022 4668
4076 3391 5303
2777 -6987 7519
6680 -6975 9658
-5832 -6209 8519
-5063 -5774 7680
4428 6422 7801
-85 1432 1435
6200 -1826 6464
-6326 -3322 7146
-326 -938 994
-945 2380 2561
-2939 -4590 5451
6592 1689 6805
750 6541 6584
1473 5993 6172
6090 -2450 6565
-2064 3522 4083
2920 6713 7321
-2557 -805 2681
-3691 998 3824
-3417 -2462 4212
-6260 3081 6978
3694 705 3761
4349 3601 5647
-5422 -1666 5673
-3100 4018 5075
-3870 -681 3930
4560 5979 7520
5457 6132 8209
-4090 32 4091
-4386 -5111 6735
-3136 -7038 7706
4464 -1072 4591
675 6826 6860
-1158 3092 3302
-5743 -302 5751
-6866 -448 6881
4362 -4859 6530
6152 -2359 6589
-1555 -3247 3601
3101 4967 5856
6008 -1480 6188
1572 -2704 3128
6848 4755 8337
-2588 6775 7253
1690 5879 6118
2611 6095 6631
6721 4920 8330
-3590 1281 3812
-6712 -6014 9013
-4864 -3341 5901
3210 2483 4059
-5339 -6961 8773
6744 -3040 7398
2596 3361 4247
-4325 3563 5604
-1572 6938 7114
1843 -1072 2133
-2411 1792 3005
6628 -3333 7419
3102 5551 6359
-757 2813 2914
-2245 4238 4796
4813 -635 4855
-1514 5625 5826
61 -2597 2598
-748 4166 4233
-5996 356 6007
-2047 1499 2538
7034 2884 7603
4016 -618 4064
4695 -5987 7609
5082 -3887 6399
6500 -723 6541
-1093 1744 2059
2545 -7003 7452
1417 -3835 4089
1798 4697 5030
-1819 -3012 3519
4631 6819 8243
2895 -4641 5470
2893 6507 7122
-5927 4240 7288
4818 6719 8268
-802 3477 3569
-4802 -3038 5683
-6731 -5990 9011
-1950 -2220 2955
3959 -5785 7010
-4699 6951 8391
3248 2903 4357
882 5087 5163
3067 -2551 3990
2905 1329 3195
518 -6719 6739
5840 -2091 6204
-6476 -4703 8004
1083 -6509 6599
2502 755 2614
490 -2112 2169
1245 3989 4179
6252 247 6257
-6196 5107 8030
6684 6871 9586
-1844 -1840 2605
-6512 4802 8092
2945 6081 6757
-1782 1434 2288
-2934 -1616 3350
-5063 -2053 5464
3885 -2440 4588
436 -2797 2831
-6295 -6358 8948
-5303 -2982 6084
-4475 -1215 4638
1392 -3457 3727
1807 1178 2158
3196 -4801 5768
3714 1917 4180
6850 1264 6966
4862 6256 7924
4742 -1335 4927
-3210 6876 7589
-6204 -2278 6610
1284 3332 3571
6708 4887 8300
-6500 4913 8148
-6242 -6144 8759
3008 -6391 7064
-6199 -1578 6397
5325 -2069 5713
5099 -6146 7986
-3641 3658 5162
4594 -1443 4816
2515 -6567 7033
844 -6079 6138
-4960 -1010 5062
2432 -710 2534
1484 -4938 5157
-3659 -3113 4805
-5877 -2770 6498
-2310 -6524 6921
-6423 -195 6426
5015 -3998 6414
4854 -3822 6179
2113 -2636 3379
6170 1562 6365
2193 1458 2634
5 3329 3330
-3727 6962 7897
-5263 -6487 8354
1544 2290 2762
2981 -1317 3259
6792 -6255 9234
994 -4522 4630
6536 4972 8213
6402 -2079 6732
6932 1530 7099
3279 5527 6427
1610 -2733 3172
5955 3550 6933
-5183 -3022 6000
-5373 -1474 5572
3220 2551 4109
5656 7069 9054
-3450 -936 3575
881 2326 2488
5274 -6154 8105
5826 6594 8800
-1329 1537 2032
-235 3138 3147
-945 6277 6348
-258 -1917 1935
-196 1799 1810
4729 1148 4867
3422 -3326 4773
-684 6034 6073
-3615 972 3744
-6197 218 6201
7018 3472 7830
6513 -4737 8054
1877 -3478 3953
-6620 -1433 6774
-7013 2107 7323
-5461 -2291 5923
-6534 6513 9226
6602 2703 7134
2654 6604 7118
-3336 -3610 4916
-170 5605 5608
3675 -3686 5206
-739 1998 2131
-6870 5270 8659
5520 6388 8443
1671 6588 6797
145 -3262 3266
384 -5564 5578
-6234 -2139 6591
-5607 -1553 5819
-7038 3022 7660
318 3844 3858
-1418 -6972 7115
2253 6709 7078
-650 1793 1908
-6314 -848 6371
5112 -4731 6966
-3322 5236 6201
-2889 -5413 6136
1081 -2549 2769
-3026 6843 7483
3604 663 3665
3896 1235 4088
6299 715 6340
-6595 -4379 7917
-5205 -5485 7562
1873 6926 7175
3151 2559 4060
6203 -5938 8588
-6727 5954 8984
169 823 841
2238 -1523 2708
-5184 -6242 8114
2884 -2255 3661
-6319 -281 6326
2676 -6322 6866
-6362 5643 8505
3128 -193 3134
-6415 -2945 7059
-3750 -4722 6030
-3561 5341 6420
4226 3215 5310
-249 -2784 2796
-3092 6835 7502
-5072 6179 7995
3128 5149 6025
1421 3182 3485
-6336 489 6355
1855 1747 2549
-2343 5525 6002
-2826 6189 6804
5660 3654 6738
6270 4987 8012
4608 1046 4726
6629 6347 9178
5298 4140 6724
2337 -2626 3516
-3615 -5159 6300
3333 18 3334
-2794 3450 4440
-6933 -6597 9571
6709 5347 8580
-570 2050 2128
-13 4289 4290
5541 -6019 8182
2483 -1761 3045
-1551 4216 4493
-4536 1499 4778
5770 -226 5775
5498 -6545 8548
3416 7031 7817
603 2781 2846
-6014 -467 6033
4053 7016 8103
457 5175 5196
-3251 3461 4749
63 -152 165
-1309 -4779 4956
5731 -5465 7920
-3896 5185 6486
-478 1149 1245
1275 -891 1556
4076 399 4096
5822 -5431 7962
1152 -5637 5754
771 3971 4046
-5848 -2844 6503
3051 3481 4629
-3618 6011 7016
6433 3448 7299
-718 2194 2309
2342 -5837 6290
2262 3405 4088
5349 614 5385
-126 -4452 4454
4771 4056 6263
-4772 1799 5100
-6767 264 6773
6841 -3844 7848
-3189 -5556 6407
-3096 6664 7349
-800 -353 875
6939 -6582 9565
-2836 5393 6094
2352 -4654 5215
-1521 4675 4917
6535 -6401 9148
1754 711 1893
2829 -6736 7306
-4114 -2242 4686
-2228 3532 4177
2426 -138 2430
-4047 5563 6880
-263 -6290 6296
-1914 6922 7182
-5797 -5356 7893
-1786 5211 5509
396 -1621 1669
-4240 -1216 4411
2953 -1896 3510
5287 -5532 7653
-2530 1676 3035
3788 -2568 4577
3122 -6786 7470
4298 -5936 7329
3830 -4065 5586
6748 4127 7910
-7017 6225 9381
198 -4744 4749
-2288 6520 6910
-2994 3910 4925
-2981 -5220 6012
-2397 1333 2743
-1452 1215 1894
5786 -4317 7220
4531 -6442 7876
-6684 -3637 7610
5681 -2320 6137
-5763 -5073 7678
-1362 3053 3344
-5645 6247 8420
-6266 -512 6287
4018 -5337 6681
-6072 5862 8440
6798 2693 7312
5141 -5908 7832
2946 3542 4608
6792 -5127 8510
-3177 277 3190
-3870 -3955 5534
-5651 1120 5761
-2445 6691 7124
5522 -6994 8912
-6586 -868 6643
-5904 -120 5906
3648 -2617 4490
-3270 -2034 3851
-2163 476 2215
-2558 3665 4470
5834 -6094 8437
-3450 -5163 6210
-741 4386 4449
-2231 -2939 3690
6996 -1119 7085
-2142 -1297 2505
-3481 1220 3689
-5701 3537 6710
-5183 2707 5848
2781 -5995 6609
-1804 -3620 4045
6468 -3114 7179
6347 -3227 7121
-3213 3044 4426
3568 -5557 6604
-6536 4698 8050
4254 -2323 4847
-5670 2849 6346
4663 6418 7934
3649 -6671 7604
768 -6953 6996
2705 994 2882
-1249 -6659 6776
2654 3095 4078
-6905 4485 8234
4995 -7008 8606
6388 4769 7972
-1331 -2031 2429
-43 5774 5775
6574 -5033 8280
3123 4714 5655
-5856 -312 5865
-619 6726 6755
-3215 -1179 3425
-5429 6247 8277
-1259 3326 3557
-6017 -4354 7428
5311 -5650 7755
6416 6167 8900
-3945 -2141 4489
-1282 -5401 5552
1237 -3522 3733
-3129 -322 3146
-3445 -5960 6885
-2079 6809 7120
6019 1403 6181
4067 5317 6695
-6803 2951 7416
2774 -4615 5385
3126 -2532 4023
-2141 5357 5769
5251 -5052 7287
1839 1359 2287
-5104 -4220 6623
1107 1220 1648
5625 3479 6614
-4224 2138 4735
-2679 2107 3409
-5897 5565 8109
543 1753 1836
3131 -3317 4562
6173 -6639 9066
4174 -5303 6749
-122 1911 1915
-6722 1950 7000
-5357 6132 8143
-616 2522 2597
5220 -6418 8273
3761 -4405 5793
-1229 -3260 3484
67 6410 6411
-1784 -1858 2576
470 -3092 3128
1215 -1763 2142
2811 -1195 3055
-3554 5139 6249
6927 -1784 7154
-1542 1910 2455
1796 -4402 4755
4864 -5152 7086
-4246 4140 5931
-1555 4300 4573
332 -5873 5883
3900 4630 6054
-1240 -6817 6929
-1437 -282 1465
6922 2545 7376
-3667 3397 4999
2510 856 2652
-3393 630 3451
714 -1123 1331
5175 1413 5365
3527 6134 7076
6923 -5476 8827
-3449 -2474 4245
-493 -823 960
-5746 4274 7162
-3601 259 3611
1866 5472 5782
4326 2011 4771
-7045 -3505 7869
-3592 6153 7125
-371 40 374
4289 -1711 4618
4642 2893 5470
-192 4701 4705
596 -2447 2519
2640 -2431 3589
-3083 3139 4400
-6752 -6147 9131
-205 4996 5001
-3896 1647 4230
-4255 -1786 4615
-3732 6631 7610
677 1795 1919
-2627 -3785 4608
-1781 -1405 2269
-1850 -4568 4929
1864 2862 3416
-847 -1868 2052
3349 -3456 4813
-1781 338 1813
-3003 -777 3102
602 6945 6972
985 4853 4952
2204 -160 2210
-1746 -551 1831
1328 -4546 4737
-5951 6767 9012
824 -4144 4226
-5467 3659 6579
5297 4651 7050
-1007 7057 7129
4407 -6449 7811
6464 5198 8295
1111 3765 3926
-4604 -6977 8360
-3441 1176 3637
1813 -308 1839
-3358 3792 5066
-1914 -2637 3259
1042 594 1200
6999 -6512 9560
3755 -5880 6977
-5181 4764 7039
-3086 -1747 3547
-6630 -6915 9580
2751 1037 2940
-2904 -4954 5743
2698 2027 3375
6807 -551 6830
5803 -6439 8669
-6751 1050 6833
-4460 -614 4503
-6517 6361 9107
3125 5684 6487
4591 -3164 5576
-3826 -5778 6930
-4226 -6517 7768
5499 -5678 7905
5358 3267 6276
-3989 1184 4162
4053 -2918 4995
4356 -2478 5012
-6299 -1461 6467
-6305 -5922 8651
6291 -786 6340
-735 5723 5771
5419 -153 5422
-813 -3441 3536
3231 691 3305
2805 -1032 2989
-5740 -3004 6479
-2608 6956 7429
4614 2564 5279
4867 -5496 7342
-5166 1955 5524
-3531 1852 3988
4613 4681 6573
3846 -1859 4272
-2273 4053 4647
5508 -2702 6136
2555 6663 7137
-1093 3617 3779
46 5883 5884
1271 -4172 4362
-3971 -5763 6999
1508 2104 2589
6312 5120 8128
40 1732 1733
2698 -354 2722
4940 4821 6903
4752 -6233 7838
-6184 -3186 6957
-415 -1093 1170
1947 -927 2157
4076 2727 4905
4132 2153 4660
-3962 1714 4317
-3171 3966 5078
175 -4479 4483
5526 -3264 6418
6153 -6715 9108
3473 5629 6615
-1808 -4292 4658
-2194 3524 4152
2848 -2411 3732
-4979 -457 5000
3758 4325 5730
5158 434 5177
6308 -3678 7302
-4750 4715 6693
-1876 6304 6578
-5255 1344 5425
4275 -3589 5582
6737 3049 7395
3954 -1644 4283
4271 -1491 4524
-6241 -6280 8854
4110 -4954 6437
3750 -711 3817
4615 3403 5734
6657 -5666 8742
-1980 -6548 6841
2657 -7069 7552
-6518 -2717 7062
1449 3081 3405
-215 -5439 5444
-2161 6965 7293
2657 1362 2986
3486 4812 5943
2239 3020 3760
5549 -803 5607
552 -3615 3657
-2133 475 2186
3064 -3233 4455
-2940 3507 4577
-5068 -653 5110
-2778 -5482 6146
1590 -4599 4867
-2945 1235 3194
5717 363 5729
1932 6128 6426
3212 3534 4776
-5677 -1017 5768
3614 -5936 6950
6250 -1347 6394
-5115 -6881 8574
3640 4240 5589
-2272 -480 2323
663 -2888 2964
3072 374 3095
5984 6387 8753
-5383 4163 6805
4053 4592 6125
5655 2194 6066
-5812 -3093 6584
-3838 6059 7173
-4736 -1025 4846
4163 6408 7642
-4902 564 4935
-4875 2260 5374
4894 -2739 5609
6840 -908 6901
2421 -5772 6260
-1254 -2458 2760
-961 586 1126
-5412 4986 7359
6840 -5900 9034
-4283 -6942 8157
-2444 1673 2962
-981 -1155 1516
-1425 -6038 6204
-4426 -953 4528
-5318 -355 5330
-6305 -109 6306
-4178 2170 4708
1671 -3693 4054
-782 45 784
-1112 6514 6609
-6270 -5699 8473
1610 2775 3209
-2668 -2650 3761
6569 -4068 7727
632 -6372 6404
6797 627 6826
4524 -3092 5480
4917 -4513 6675
3398 -5034 6074
6142 1356 6290
7070 -1589 7247
6183 472 6201
7015 -4433 8299
3366 -6306 7149
4359 -5868 7310
-2920 -2655 3947
-6660 4397 7981
2174 -4115 4654
2134 -6876 7200
-2252 -1146 2527
4202 6350 7615
-3597 1913 4075
629 -83 635
-2848 -441 2882
-4369 4236 6086
-7030 -4935 8590
6045 3108 6798
6465 -2388 6892
1368 -5160 5339
2781 515 2829
-1288 2637 2935
5270 -5500 7618
5577 -2832 6255
-3939 -2013 4424
2720 2430 3648
3755 1606 4085
1406 -1851 2325
-472 2946 2984
2936 3349 4454
-3834 6388 7451
-2585 6049 6579
251 -2593 2606
-3512 5114 6204
-4149 4363 6021
1004 6672 6748
5468 -3923 6730
-6987 1728 7198
2529 -4288 4979
-1576 -5061 5301
3696 -1668 4055
-1071 4678 4800
-5822 -6515 8738
-423 -5137 5155
-6353 -5110 8154
-84 3581 3582
841 -897 1230
6121 -5931 8524
-6316 5413 8319
587 362 690
1759 2305 2900
-1566 -2175 2681
6391 -6018 8779
5851 792 5905
-5941 -4200 7276
3263 952 3400
4440 -2802 5251
4992 -2490 5579
-189 -1553 1565
6340 -4873 7997
305 3799 3812
-5087 501 5112
-5441 4010 6760
5148 -1372 5328
6521 -4274 7797
4896 434 4916
-6394 1647 6603
-120 4355 4357
4158 5899 7218
-3733 1060 3881
252 158 298
4779 1570 5031
-4962 -4330 6586
-4389 -2485 5044
4598 1624 4877
3710 -4509 5840
-5325 3586 6420
4783 -4873 6829
4790 730 4846
-3237 6907 7628
-1074 3695 3848
5726 5187 7727
-5969 4328 7373
-4501 -4877 6637
-2840 -3427 4451
3181 3148 4476
-521 1944 2013
1724 3332 3752
-3183 1927 3721
5328 6127 8120
-3681 -1268 3894
6600 2916 7216
-30 -192 195
919 -1147 1470
-2131 -403 2169
-4719 5726 7420
-1921 -1360 2354
1510 -3836 4123
2070 266 2088
-165 -1038 1052
553 5232 5262
-21 3520 3521
-6516 -160 6518
1364 5427 5596
4694 -399 4711
3285 3860 5069
-2393 -3191 3989
-5922 3896 7089
-5033 -4443 6714
2072 4950 5367
-807 1148 1404
664 973 1178
-3515 -1390 3780
-2394 -3406 4164
-4713 704 4766
4918 6148 7874
6120 3289 6948
-1290 -2469 2786
-819 77 823
-6516 -449 6532
6333 4979 8056
2038 -5193 5579
6889 -4392 8170
-5646 -6450 8573
-5402 5792 7921
-1011 -2419 2622
845 -2677 2808
2376 -6257 6693
6406 -6393 9051
-1007 464 1109
6478 -3730 7476
6151 -5364 8162
-1327 1401 1930
6204 5532 8313
-604 2931 2993
-4225 1031 4349
-6661 2501 7116
-3212 -977 3358
705 -1366 1538
-2671 -3779 4628
1141 -6382 6484
-4626 5808 7426
-4713 2316 5252
1545 6630 6808
-435 -4669 4690
6787 -6546 9430
-1820 -5104 5419
825 -2969 3082
-4895 -6056 7787
3278 5226 6169
-132 -6766 6768
-300 1890 1914
-2418 -5666 6161
-1642 -3927 4257
-4375 -7013 8266
-4419 3061 5376
3168 2280 3904
1546 -2044 2563
-5200 -5959 7909
6627 -3185 7353
-6971 -206 6975
941 3356 3486
3160 1472 3487
-2290 -1417 2693
2944 -4865 5687
5221 2455 5770
-6800 749 6842
5254 -774 5311
-2687 6444 6982
-5747 -2344 6207
-6545 316 6553
-4206 -733 4270
-1554 -5565 5778
-4682 5966 7584
-2535 6880 7333
2474 -3672 4428
-5067 -6785 8469
5889 -2881 6556
625 -6645 6675
-4531 2511 5181
5338 -4712 7121
-5050 -2101 5470
2904 6301 6938
-6675 4095 7832
-1901 1545 2450
6152 -4376 7550
-6808 2559 7274
2116 6790 7113
-5102 -5628 7597
-6258 5502 8333
5786 -1129 5896
-4312 -4453 6199
5936 -1023 6024
-6741 5044 8420
-4135 3294 5287
-3145 -2785 4201
-1201 -5199 5336
-1330 -5297 5462
1822 -6125 6391
-2687 4600 5328
3981 -40 3982
-4404 -3901 5884
-6840 -2787 7386
6492 -1746 6723
1379 6652 6794
2795 -2002 3439
-3942 4094 5684
5765 3253 6620
6526 -5515 8545
2257 -2474 3349
-4944 1748 5244
5885 863 5948
4966 -4201 6505
-2481 -3227 4071
-6822 -2253 7185
3778 2310 4429
5140 195 5144
4406 -5328 6914
-4132 872 4224
5362 -3068 6178
-3156 -5144 6035
-1692 -6172 6400
2038 665 2144
-1711 -4678 4982
892 3068 3196
3140 6514 7232
4864 6542 8153
6370 -2996 7040
-675 6539 6574
-3090 -429 3120
-4965 -5496 7407
5332 1579 5561
5149 -3789 6393
362 5841 5853
3325 -4346 5473
5545 5922 8113
2870 895 3007
-3608 4791 5998
4643 -466 4667
4517 4239 6195
-4928 -3158 5854
-1828 -6790 7032
5790 -6809 8938
-1070 4722 4842
3424 6736 7557
-575 -7046 7070
-2139 -915 2327
-5155 -1923 5502
-2495 6448 6914
-4201 6104 7410
-6996 1952 7264
147 -6462 6464
256 379 458
2766 4616 5382
-4339 -3361 5489
1968 -2879 3488
-3217 3554 4794
4329 -6499 7809
-249 -539 594
-1916 -2792 3387
-4004 -1862 4416
3335 -4492 5595
-6709 2040 7013
6178 -4543 7669
5454 -5074 7450
4106 3260 5243
-5326 6008 8029
3083 -3617 4753
6647 1360 6785
3020 -1276 3279
4442 6709 8047
-3340 -2517 4183
2716 2530 3712
-5286 3660 6430
-3980 2964 4963
-3928 2916 4893
2337 -1255 2653
5893 -6765 8972
3642 4371 5690
-7020 982 7089
-1962 901 2159
3806 6929 7906
2923 -3873 4853
-4216 1855 4607
-1437 5096 5295
1114 -3092 3287
-288 6957 6963
3422 916 3543
879 -4023 4118
3629 5258 6389
5016 -5435 7396
6570 -4601 8021
-2260 4259 4822
-1455 -6737 6893
4452 3176 5469
-6593 -68 6594
-2933 -5455 6194
-2881 -5542 6247
-329 -3269 3286
-6958 -292 6965
6374 2677 6914
6363 -4145 7594
3539 1135 3717
1292 3008 3274
3042 -781 3141
3275 -3408 4727
-6185 2080 6526
2857 -5693 6370
-6119 6199 8711
-3626 6141 7132
406 4199 4219
-4030 765 4102
5043 2067 5451
-5975 -6466 8804
1049 -4259 4387
-4023 542 4060
3258 -6068 6888
403 6805 6817
845 4770 4845
-1869 1533 2418
723 -2643 2741
2681 -2820 3892
-4721 -846 4797
-5190 -518 5216
-3740 -2535 4519
-3073 -4804 5703
4771 -645 4815
-3318 6604 7391
-4531 3172 5531
-3023 -4784 5660
473 -5250 5272
2831 -1596 3250
5054 1917 5406
-6578 -459 6594
-5754 2959 6471
-78 -694 699
-3839 -3812 5411
4842 -7034 8540
6349 3512 7256
1419 4182 4417
-3381 -6653 7463
4574 -1724 4889
4369 2970 5283
-1320 -7061 7184
-618 5994 6026
-2877 6409 7026
-4436 6678 8018
3566 -1596 3907
-5198 -3665 6361
1306 2747 3042
-4575 1266 4747
-6370 -3685 7360
-5497 -4523 7119
4495 -442 4517
-6546 1238 6663
2283 3232 3958
-3034 2835 4153
1323 4924 5099
14 1898 1899
6741 1768 6969
4157 2575 4890
2312 -3642 4314
4414 6874 8170
-2426 -2723 3647
6592 -2556 7071
-804 957 1250
-4581 1389 4787
-3662 -3970 5402
-1324 5181 5348
4049 2853 4954
6129 5500 8235
7016 6402 9498
-6963 306 6970
-5283 5838 7874
1286 -324 1327
2737 2622 3791
-3718 5476 6619
6923 4518 8267
1851 -4810 5154
-4354 1212 4520
4893 -3048 5765
4418 -6852 8153
5508 282 5516
96 6928 6929
1811 -3372 3828
-4096 6074 7327
-6891 -1311 7015
5533 746 5584
2555 -6582 7061
1409 -1888 2356
-1439 -5713 5892
-6076 1000 6158
-5371 4109 6763
2492 -6997 7428
379 3888 3907
3490 2617 4363
-6524 6083 8920
-6739 6885 9635
-2578 2541 3620
-1306 -1998 2387
2941 -3541 4604
485 -2146 2201
-6914 4794 8414
2973 6500 7148
-640 6566 6598
-5042 5366 7364
-4712 -1832 5056
-228 3269 3277
-6938 -6227 9323
-94 -4017 4019
6833 -913 6894
-2126 910 2313
75 2008 2010
-4553 -6977 8332
4661 -124 4663
-4819 -6078 7757
249 2748 2760
-15 5938 5939
-3508 5455 6486
5690 -1130 5802
882 -5847 5914
5488 2807 6165
-5771 4856 7543
-3977 -4329 5879
6919 -1663 7117
-5208 -516 5234
-5454 -3735 6611
-5442 5514 7748
100 -6060 6061
4586 -3533 5790
-5253 -4225 6742
-426 -6078 6093
-4690 6097 7693
1519 4550 4797
269 -526 591
-6815 6751 9593
-5249 -6631 8458
2848 -2622 3872
-2551 3206 4098
-4821 6200 7854
-5432 6498 8470
-2281 -2564 3432
-968 3065 3215
2268 -5740 6172
5152 -1400 5339
6884 3080 7542
349 -723 803
3367 -4672 5759
-4888 1405 5086
-2402 6026 6488
1232 -4825 4980
-1752 4905 5209
657 1807 1923
7030 4370 8278
-859 4878 4954
-5150 -2822 5873
4328 2048 4789
-883 -3579 3687
-1315 853 1568
-825 -6280 6334
1384 -2413 2782
-2482 6635 7085
-4993 -3540 6121
-6639 4348 7937
-360 -6713 6723
-4004 6805 7896
-3502 6530 7410
-2325 -5894 6336
7029 4167 8172
-3111 1707 3549
1897 -5955 6250
3507 1124 3683
572 6264 6291
-2466 1812 3061
6112 2160 6483
-838 -4892 4964
5101 1161 5232
2865 5453 6160
-1350 -443 1421
-4099 -4349 5977
-2683 2285 3525
6063 752 6110
-6068 -3946 7239
4917 -4505 6669
-287 -2809 2824
6888 -6556 9510
2694 529 2746
2232 -1332 2600
-887 -6867 6925
-290 -2753 2769
1331 1375 1914
3423 -2241 4092
-5148 156 5151
5745 -4223 7131
2292 3279 4001
6237 -3019 6930
-4692 -4098 6230
-6348 -4216 7621
-4801 -320 4812
4435 -6740 8069
5417 1144 5537
-6704 -1878 6963
1684 6963 7164
6675 74 6676
4135 -627 4183
-5746 6374 8582
-2050 4357 4816
4837 -3823 6166
3812 -7050 8015
-5874 -6733 8936
357 -152 389
5647 3516 6653
-4523 -4980 6728
6442 397 6455
6810 -5746 8911
-4462 -6732 8077
2724 36 2725
-6745 -2653 7248
-2942 6651 7273
7016 -5748 9070
-5277 455 5297
-2138 5174 5599
1322 -490 1410
-1083 -1143 1575
-775 -356 853
-5804 3956 7024
-2312 3118 3882
2677 -1678 3160
-2776 1783 3300
-3967 -5846 7065
-2582 -2346 3489
-1090 -1963 2246
7009 -1429 7154
3273 -2526 4135
3762 4057 5533
-4327 1188 4488
-4741 -4068 6248
868 4225 4314
3867 -769 3943
6831 2009 7121
-408 -2807 2837
5444 7051 8909
-4251 -4515 6202
4614 4441 6405
-3782 1791 4185
6377 -3720 7383
3129 -3866 4974
-3789 -961 3909
2345 -5722 6184
-1358 -2361 2724
3991 -2290 4602
6763 -1525 6933
-2718 4386 5160
-5928 243 5933
-161 5815 5818
-2115 6042 6402
4692 1117 4824
-3498 -4701 5860
-3781 -3087 4882
5561 5454 7790
-2907 183 2913
-1224 -3793 3986
4717 -2359 5274
-3703 -4794 6058
3747 -1046 3891
5145 -3495 6220
-5337 -4214 6801
2403 6340 6781
4844 -1101 4968
-6215 -908 6281
1581 3142 3518
6160 -4403 7572
-4980 -4962 7031
3718 3068 4821
-3717 4860 6119
5146 4178 6629
-2794 3320 4340
-4873 -261 4880
-4273 -1231 4447
5791 3126 6581
-5840 5752 8198
-847 6264 6322
5102 5912 7810
1574 -3203 3569
2872 4131 5032
-539 1493 1588
1824 6414 6669
117 4293 4295
874 2552 2698
6923 5618 8916
-4576 913 4667
-5127 -3404 6155
-6830 -4573 8220
6053 3259 6875
-575 -1577 1679
730 -203 758
-568 4511 4547
-3699 2656 4554
1611 160 1619
-6774 3229 7505
-1282 1440 1928
-5013 -115 5015
5946 1306 6088
-2210 4257 4797
235 6870 6875
-4339 -4472 6232
6894 1436 7042
-3247 3509 4781
-2806 -4182 5037
-5797 -1031 5888
-6958 -5952 9157
-2169 -635 2261
6535 -4353 7853
4206 -5274 6746
4252 4586 6254
-7034 -895 7091
3961 1392 4199
-217 -3104 3112
4998 3467 6083
-5080 3740 6309
2263 7012 7369
-2683 -2492 3662
1337 804 1561
-4280 -2723 5073
-2794 -985 2963
-1565 -6661 6843
2563 6290 6793
4471 -4188 6127
-3770 4000 5497
233 -855 887
2439 -1196 2717
-4386 1561 4656
908 2472 2634
-1622 5148 5398
1597 -6485 6679
444 99 455
-5138 6853 8566
6687 -4104 7846
-6543 -4509 7947
6106 5101 7957
5830 -3862 6994
148 747 762
1317 3739 3965
-4994 4557 6761
-5076 -4720 6932
-2649 6839 7335
2874 -5140 5889
4986 -1100 5106
3567 4013 5370
4169 592 4211
656 318 730
-3735 -2281 4377
-606 -137 622
4985 -3465 6071
3614 -5547 6621
6849 -3249 7581
2436 -954 2617
-588 1258 1389
-1575 403 1626
-2179 1367 2573
602 5598 5631
-6701 5518 8681
-5038 2620 5679
4735 -2773 5488
1040 2588 2790
-6560 2760 7117
-1640 2841 3281
-5746 298 5754
2499 4193 4882
-3951 531 3987
-2249 1851 2913
-6087 1647 6306
6027 59 6028
6468 2802 7049
5145 -6743 8482
