2000
0 0 9000
9000 0 1
8999 28 1
8999 56 1
8999 84 1
8999 113 1
8998 141 1
8998 169 1
8997 198 1
8997 226 1
8996 254 1
8995 282 1
8994 311 1
8993 339 1
8992 367 1
8991 395 1
8989 424 1
8988 452 1
8987 480 1
8985 508 1
8983 537 1
8982 565 1
8980 593 1
8978 621 1
8976 650 1
8974 678 1
8972 706 1
8969 734 1
8967 762 1
8965 791 1
8962 819 1
8960 847 1
8957 875 1
8954 903 1
8951 931 1
8948 959 1
8945 988 1
8942 1016 1
8939 1044 1
8935 1072 1
8932 1100 1
8928 1128 1
8925 1156 1
8921 1184 1
8917 1212 1
8914 1240 1
8910 1268 1
8906 1296 1
8901 1324 1
8897 1352 1
8893 1380 1
8889 1408 1
8884 1436 1
8880 1464 1
8875 1492 1
8870 1520 1
8865 1548 1
8860 1575 1
8855 1603 1
8850 1631 1
8845 1659 1
8840 1687 1
8835 1715 1
8829 1742 1
8824 1770 1
8818 1798 1
8812 1825 1
8807 1853 1
8801 1881 1
8795 1909 1
8789 1936 1
8783 1964 1
8776 1991 1
8770 2019 1
8764 2046 1
8757 2074 1
8751 2102 1
8744 2129 1
8737 2157 1
8730 2184 1
8723 2211 1
8716 2239 1
8709 2266 1
8702 2294 1
8695 2321 1
8688 2348 1
8680 2376 1
8673 2403 1
8665 2430 1
8657 2457 1
8650 2484 1
8642 2512 1
8634 2539 1
8626 2566 1
8618 2593 1
8610 2620 1
8601 2647 1
8593 2674 1
8584 2701 1
8576 2728 1
8567 2755 1
8559 2782 1
8550 2809 1
8541 2836 1
8532 2863 1
8523 2889 1
8514 2916 1
8505 2943 1
8495 2970 1
8486 2996 1
8476 3023 1
8467 3050 1
8457 3076 1
8448 3103 1
8438 3129 1
8428 3156 1
8418 3182 1
8408 3209 1
8398 3235 1
8388 3262 1
8377 3288 1
8367 3314 1
8356 3340 1
8346 3367 1
8335 3393 1
8325 3419 1
8314 3445 1
8303 3471 1
8292 3497 1
8281 3524 1
8270 3550 1
8259 3576 1
8247 3601 1
8236 3627 1
8224 3653 1
8213 3679 1
8201 3705 1
8190 3731 1
8178 3756 1
8166 3782 1
8154 3808 1
8142 3833 1
8130 3859 1
8118 3884 1
8106 3910 1
8093 3935 1
8081 3961 1
8068 3986 1
8056 4012 1
8043 4037 1
8030 4062 1
8018 4087 1
8005 4112 1
7992 4138 1
7979 4163 1
7966 4188 1
7952 4213 1
7939 4238 1
7926 4263 1
7912 4288 1
7899 4312 1
7885 4337 1
7871 4362 1
7858 4387 1
7844 4411 1
7830 4436 1
7816 4461 1
7802 4485 1
7788 4510 1
7774 4534 1
7759 4559 1
7745 4583 1
7731 4607 1
7716 4632 1
7701 4656 1
7687 4680 1
7672 4704 1
7657 4728 1
7642 4752 1
7627 4776 1
7612 4800 1
7597 4824 1
7582 4848 1
7567 4872 1
7551 4896 1
7536 4919 1
7520 4943 1
7505 4967 1
7489 4990 1
7473 5014 1
7458 5037 1
7442 5060 1
7426 5084 1
7410 5107 1
7394 5130 1
7377 5154 1
7361 5177 1
7345 5200 1
7329 5223 1
7312 5246 1
7296 5269 1
7279 5292 1
7262 5315 1
7246 5338 1
7229 5360 1
7212 5383 1
7195 5406 1
7178 5428 1
7161 5451 1
7144 5473 1
7126 5496 1
7109 5518 1
7092 5540 1
7074 5563 1
7057 5585 1
7039 5607 1
7021 5629 1
7004 5651 1
6986 5673 1
6968 5695 1
6950 5717 1
6932 5739 1
6914 5760 1
6896 5782 1
6878 5804 1
6859 5825 1
6841 5847 1
6823 5868 1
6804 5890 1
6786 5911 1
6767 5933 1
6748 5954 1
6730 5975 1
6711 5996 1
6692 6017 1
6673 6038 1
6654 6059 1
6635 6080 1
6616 6101 1
6597 6122 1
6577 6142 1
6558 6163 1
6538 6183 1
6519 6204 1
6499 6224 1
6480 6245 1
6460 6265 1
6440 6285 1
6421 6306 1
6401 6326 1
6381 6346 1
6361 6366 1
6341 6386 1
6321 6406 1
6301 6426 1
6280 6445 1
6260 6465 1
6240 6485 1
6219 6504 1
6199 6524 1
6178 6543 1
6158 6563 1
6137 6582 1
6116 6601 1
6096 6621 1
6075 6640 1
6054 6659 1
6033 6678 1
6012 6697 1
5991 6715 1
5970 6734 1
5948 6753 1
5927 6772 1
5906 6790 1
5884 6809 1
5863 6827 1
5842 6846 1
5820 6864 1
5798 6882 1
5777 6900 1
5755 6919 1
5733 6937 1
5711 6955 1
5690 6973 1
5668 6990 1
5646 7008 1
5624 7026 1
5601 7044 1
5579 7061 1
5557 7079 1
5535 7096 1
5512 7113 1
5490 7131 1
5468 7148 1
5445 7165 1
5423 7182 1
5400 7199 1
5377 7216 1
5355 7233 1
5332 7250 1
5309 7266 1
5286 7283 1
5263 7300 1
5240 7316 1
5217 7333 1
5194 7349 1
5171 7365 1
5148 7382 1
5125 7398 1
5101 7414 1
5078 7430 1
5055 7446 1
5031 7462 1
5008 7477 1
4984 7493 1
4961 7509 1
4937 7524 1
4913 7540 1
4890 7555 1
4866 7570 1
4842 7586 1
4818 7601 1
4794 7616 1
4770 7631 1
4746 7646 1
4722 7661 1
4698 7676 1
4674 7690 1
4650 7705 1
4625 7720 1
4601 7734 1
4577 7749 1
4552 7763 1
4528 7777 1
4504 7791 1
4479 7805 1
4455 7820 1
4430 7833 1
4405 7847 1
4381 7861 1
4356 7875 1
4331 7889 1
4306 7902 1
4281 7916 1
4256 7929 1
4232 7942 1
4207 7956 1
4182 7969 1
4156 7982 1
4131 7995 1
4106 8008 1
4081 8021 1
4056 8034 1
4030 8046 1
4005 8059 1
3980 8071 1
3954 8084 1
3929 8096 1
3904 8109 1
3878 8121 1
3852 8133 1
3827 8145 1
3801 8157 1
3776 8169 1
3750 8181 1
3724 8193 1
3698 8204 1
3673 8216 1
3647 8227 1
3621 8239 1
3595 8250 1
3569 8261 1
3543 8273 1
3517 8284 1
3491 8295 1
3465 8306 1
3439 8316 1
3413 8327 1
3386 8338 1
3360 8349 1
3334 8359 1
3308 8369 1
3281 8380 1
3255 8390 1
3229 8400 1
3202 8410 1
3176 8420 1
3149 8430 1
3123 8440 1
3096 8450 1
3070 8460 1
3043 8469 1
3016 8479 1
2990 8488 1
2963 8498 1
2936 8507 1
2909 8516 1
2883 8525 1
2856 8534 1
2829 8543 1
2802 8552 1
2775 8561 1
2748 8569 1
2721 8578 1
2694 8587 1
2667 8595 1
2640 8603 1
2613 8612 1
2586 8620 1
2559 8628 1
2532 8636 1
2505 8644 1
2478 8652 1
2450 8659 1
2423 8667 1
2396 8675 1
2369 8682 1
2341 8689 1
2314 8697 1
2287 8704 1
2259 8711 1
2232 8718 1
2205 8725 1
2177 8732 1
2150 8739 1
2122 8746 1
2095 8752 1
2067 8759 1
2040 8765 1
2012 8772 1
1984 8778 1
1957 8784 1
1929 8790 1
1902 8796 1
1874 8802 1
1846 8808 1
1819 8814 1
1791 8819 1
1763 8825 1
1735 8831 1
1708 8836 1
1680 8841 1
1652 8846 1
1624 8852 1
1596 8857 1
1569 8862 1
1541 8867 1
1513 8871 1
1485 8876 1
1457 8881 1
1429 8885 1
1401 8890 1
1373 8894 1
1345 8898 1
1317 8903 1
1289 8907 1
1261 8911 1
1233 8915 1
1205 8918 1
1177 8922 1
1149 8926 1
1121 8929 1
1093 8933 1
1065 8936 1
1037 8940 1
1009 8943 1
981 8946 1
952 8949 1
924 8952 1
896 8955 1
868 8957 1
840 8960 1
812 8963 1
784 8965 1
755 8968 1
727 8970 1
699 8972 1
671 8974 1
643 8977 1
614 8978 1
586 8980 1
558 8982 1
530 8984 1
501 8985 1
473 8987 1
445 8988 1
417 8990 1
388 8991 1
360 8992 1
332 8993 1
304 8994 1
275 8995 1
247 8996 1
219 8997 1
190 8997 1
162 8998 1
134 8998 1
106 8999 1
77 8999 1
49 8999 1
21 8999 1
-7 8999 1
-35 8999 1
-63 8999 1
-91 8999 1
-120 8999 1
-148 8998 1
-176 8998 1
-205 8997 1
-233 8996 1
-261 8996 1
-289 8995 1
-318 8994 1
-346 8993 1
-374 8992 1
-402 8990 1
-431 8989 1
-459 8988 1
-487 8986 1
-515 8985 1
-544 8983 1
-572 8981 1
-600 8979 1
-628 8977 1
-657 8975 1
-685 8973 1
-713 8971 1
-741 8969 1
-769 8967 1
-798 8964 1
-826 8961 1
-854 8959 1
-882 8956 1
-910 8953 1
-938 8950 1
-967 8947 1
-995 8944 1
-1023 8941 1
-1051 8938 1
-1079 8935 1
-1107 8931 1
-1135 8928 1
-1163 8924 1
-1191 8920 1
-1219 8916 1
-1247 8913 1
-1275 8909 1
-1303 8905 1
-1331 8900 1
-1359 8896 1
-1387 8892 1
-1415 8887 1
-1443 8883 1
-1471 8878 1
-1499 8874 1
-1527 8869 1
-1555 8864 1
-1582 8859 1
-1610 8854 1
-1638 8849 1
-1666 8844 1
-1694 8839 1
-1721 8833 1
-1749 8828 1
-1777 8822 1
-1805 8817 1
-1832 8811 1
-1860 8805 1
-1888 8799 1
-1915 8793 1
-1943 8787 1
-1971 8781 1
-1998 8775 1
-2026 8768 1
-2053 8762 1
-2081 8756 1
-2108 8749 1
-2136 8742 1
-2163 8735 1
-2191 8729 1
-2218 8722 1
-2246 8715 1
-2273 8708 1
-2300 8700 1
-2328 8693 1
-2355 8686 1
-2382 8678 1
-2410 8671 1
-2437 8663 1
-2464 8655 1
-2491 8648 1
-2518 8640 1
-2546 8632 1
-2573 8624 1
-2600 8616 1
-2627 8607 1
-2654 8599 1
-2681 8591 1
-2708 8582 1
-2735 8574 1
-2762 8565 1
-2789 8556 1
-2816 8548 1
-2842 8539 1
-2869 8530 1
-2896 8521 1
-2923 8511 1
-2950 8502 1
-2976 8493 1
-3003 8484 1
-3030 8474 1
-3056 8465 1
-3083 8455 1
-3109 8445 1
-3136 8435 1
-3162 8425 1
-3189 8415 1
-3215 8405 1
-3242 8395 1
-3268 8385 1
-3294 8375 1
-3321 8364 1
-3347 8354 1
-3373 8343 1
-3399 8333 1
-3426 8322 1
-3452 8311 1
-3478 8300 1
-3504 8289 1
-3530 8278 1
-3556 8267 1
-3582 8256 1
-3608 8244 1
-3634 8233 1
-3660 8222 1
-3686 8210 1
-3711 8198 1
-3737 8187 1
-3763 8175 1
-3788 8163 1
-3814 8151 1
-3840 8139 1
-3865 8127 1
-3891 8115 1
-3916 8103 1
-3942 8090 1
-3967 8078 1
-3993 8065 1
-4018 8053 1
-4043 8040 1
-4068 8027 1
-4094 8014 1
-4119 8001 1
-4144 7988 1
-4169 7975 1
-4194 7962 1
-4219 7949 1
-4244 7936 1
-4269 7922 1
-4294 7909 1
-4319 7895 1
-4343 7882 1
-4368 7868 1
-4393 7854 1
-4418 7840 1
-4442 7827 1
-4467 7813 1
-4491 7798 1
-4516 7784 1
-4540 7770 1
-4565 7756 1
-4589 7741 1
-4613 7727 1
-4638 7712 1
-4662 7698 1
-4686 7683 1
-4710 7668 1
-4734 7653 1
-4758 7639 1
-4782 7624 1
-4806 7608 1
-4830 7593 1
-4854 7578 1
-4878 7563 1
-4901 7547 1
-4925 7532 1
-4949 7516 1
-4972 7501 1
-4996 7485 1
-5019 7469 1
-5043 7454 1
-5066 7438 1
-5090 7422 1
-5113 7406 1
-5136 7390 1
-5159 7373 1
-5183 7357 1
-5206 7341 1
-5229 7324 1
-5252 7308 1
-5275 7291 1
-5298 7275 1
-5320 7258 1
-5343 7241 1
-5366 7225 1
-5389 7208 1
-5411 7191 1
-5434 7174 1
-5456 7157 1
-5479 7139 1
-5501 7122 1
-5524 7105 1
-5546 7087 1
-5568 7070 1
-5590 7052 1
-5612 7035 1
-5635 7017 1
-5657 6999 1
-5679 6981 1
-5700 6964 1
-5722 6946 1
-5744 6928 1
-5766 6910 1
-5788 6891 1
-5809 6873 1
-5831 6855 1
-5852 6836 1
-5874 6818 1
-5895 6800 1
-5917 6781 1
-5938 6762 1
-5959 6744 1
-5980 6725 1
-6001 6706 1
-6022 6687 1
-6043 6668 1
-6064 6649 1
-6085 6630 1
-6106 6611 1
-6127 6592 1
-6147 6572 1
-6168 6553 1
-6189 6534 1
-6209 6514 1
-6230 6495 1
-6250 6475 1
-6270 6455 1
-6291 6436 1
-6311 6416 1
-6331 6396 1
-6351 6376 1
-6371 6356 1
-6391 6336 1
-6411 6316 1
-6431 6296 1
-6450 6275 1
-6470 6255 1
-6490 6235 1
-6509 6214 1
-6529 6194 1
-6548 6173 1
-6568 6153 1
-6587 6132 1
-6606 6111 1
-6625 6090 1
-6644 6070 1
-6663 6049 1
-6682 6028 1
-6701 6007 1
-6720 5985 1
-6739 5964 1
-6758 5943 1
-6776 5922 1
-6795 5901 1
-6813 5879 1
-6832 5858 1
-6850 5836 1
-6869 5815 1
-6887 5793 1
-6905 5771 1
-6923 5750 1
-6941 5728 1
-6959 5706 1
-6977 5684 1
-6995 5662 1
-7013 5640 1
-7030 5618 1
-7048 5596 1
-7065 5574 1
-7083 5551 1
-7100 5529 1
-7118 5507 1
-7135 5484 1
-7152 5462 1
-7169 5439 1
-7186 5417 1
-7203 5394 1
-7220 5372 1
-7237 5349 1
-7254 5326 1
-7271 5303 1
-7287 5280 1
-7304 5257 1
-7320 5234 1
-7337 5211 1
-7353 5188 1
-7369 5165 1
-7386 5142 1
-7402 5119 1
-7418 5096 1
-7434 5072 1
-7450 5049 1
-7465 5025 1
-7481 5002 1
-7497 4978 1
-7513 4955 1
-7528 4931 1
-7544 4907 1
-7559 4884 1
-7574 4860 1
-7589 4836 1
-7605 4812 1
-7620 4788 1
-7635 4764 1
-7650 4740 1
-7665 4716 1
-7679 4692 1
-7694 4668 1
-7709 4644 1
-7723 4619 1
-7738 4595 1
-7752 4571 1
-7766 4546 1
-7781 4522 1
-7795 4497 1
-7809 4473 1
-7823 4448 1
-7837 4424 1
-7851 4399 1
-7865 4374 1
-7878 4350 1
-7892 4325 1
-7906 4300 1
-7919 4275 1
-7932 4250 1
-7946 4225 1
-7959 4200 1
-7972 4175 1
-7985 4150 1
-7998 4125 1
-8011 4100 1
-8024 4075 1
-8037 4049 1
-8049 4024 1
-8062 3999 1
-8075 3973 1
-8087 3948 1
-8099 3923 1
-8112 3897 1
-8124 3872 1
-8136 3846 1
-8148 3821 1
-8160 3795 1
-8172 3769 1
-8184 3743 1
-8196 3718 1
-8207 3692 1
-8219 3666 1
-8230 3640 1
-8242 3614 1
-8253 3588 1
-8264 3563 1
-8275 3537 1
-8286 3511 1
-8297 3484 1
-8308 3458 1
-8319 3432 1
-8330 3406 1
-8341 3380 1
-8351 3354 1
-8362 3327 1
-8372 3301 1
-8382 3275 1
-8393 3248 1
-8403 3222 1
-8413 3196 1
-8423 3169 1
-8433 3143 1
-8443 3116 1
-8452 3089 1
-8462 3063 1
-8472 3036 1
-8481 3010 1
-8491 2983 1
-8500 2956 1
-8509 2930 1
-8518 2903 1
-8527 2876 1
-8536 2849 1
-8545 2822 1
-8554 2795 1
-8563 2769 1
-8572 2742 1
-8580 2715 1
-8589 2688 1
-8597 2661 1
-8605 2634 1
-8614 2607 1
-8622 2579 1
-8630 2552 1
-8638 2525 1
-8646 2498 1
-8654 2471 1
-8661 2444 1
-8669 2416 1
-8676 2389 1
-8684 2362 1
-8691 2335 1
-8699 2307 1
-8706 2280 1
-8713 2253 1
-8720 2225 1
-8727 2198 1
-8734 2170 1
-8741 2143 1
-8747 2115 1
-8754 2088 1
-8760 2060 1
-8767 2033 1
-8773 2005 1
-8779 1978 1
-8786 1950 1
-8792 1922 1
-8798 1895 1
-8804 1867 1
-8809 1839 1
-8815 1812 1
-8821 1784 1
-8826 1756 1
-8832 1728 1
-8837 1701 1
-8843 1673 1
-8848 1645 1
-8853 1617 1
-8858 1589 1
-8863 1562 1
-8868 1534 1
-8873 1506 1
-8877 1478 1
-8882 1450 1
-8886 1422 1
-8891 1394 1
-8895 1366 1
-8899 1338 1
-8904 1310 1
-8908 1282 1
-8912 1254 1
-8916 1226 1
-8919 1198 1
-8923 1170 1
-8927 1142 1
-8930 1114 1
-8934 1086 1
-8937 1058 1
-8940 1030 1
-8944 1002 1
-8947 974 1
-8950 945 1
-8953 917 1
-8955 889 1
-8958 861 1
-8961 833 1
-8963 805 1
-8966 776 1
-8968 748 1
-8971 720 1
-8973 692 1
-8975 664 1
-8977 635 1
-8979 607 1
-8981 579 1
-8983 551 1
-8984 523 1
-8986 494 1
-8987 466 1
-8989 438 1
-8990 410 1
-8991 381 1
-8993 353 1
-8994 325 1
-8995 296 1
-8995 268 1
-8996 240 1
-8997 212 1
-8998 183 1
-8998 155 1
-8999 127 1
-8999 99 1
-8999 70 1
-8999 42 1
-8999 14 1
-8999 -14 1
-8999 -42 1
-8999 -70 1
-8999 -99 1
-8999 -127 1
-8998 -155 1
-8998 -183 1
-8997 -212 1
-8996 -240 1
-8995 -268 1
-8995 -296 1
-8994 -325 1
-8993 -353 1
-8991 -381 1
-8990 -410 1
-8989 -438 1
-8987 -466 1
-8986 -494 1
-8984 -523 1
-8983 -551 1
-8981 -579 1
-8979 -607 1
-8977 -635 1
-8975 -664 1
-8973 -692 1
-8971 -720 1
-8968 -748 1
-8966 -776 1
-8963 -805 1
-8961 -833 1
-8958 -861 1
-8955 -889 1
-8953 -917 1
-8950 -945 1
-8947 -974 1
-8944 -1002 1
-8940 -1030 1
-8937 -1058 1
-8934 -1086 1
-8930 -1114 1
-8927 -1142 1
-8923 -1170 1
-8919 -1198 1
-8916 -1226 1
-8912 -1254 1
-8908 -1282 1
-8904 -1310 1
-8899 -1338 1
-8895 -1366 1
-8891 -1394 1
-8886 -1422 1
-8882 -1450 1
-8877 -1478 1
-8873 -1506 1
-8868 -1534 1
-8863 -1562 1
-8858 -1589 1
-8853 -1617 1
-8848 -1645 1
-8843 -1673 1
-8837 -1701 1
-8832 -1728 1
-8826 -1756 1
-8821 -1784 1
-8815 -1812 1
-8809 -1839 1
-8804 -1867 1
-8798 -1895 1
-8792 -1922 1
-8786 -1950 1
-8779 -1978 1
-8773 -2005 1
-8767 -2033 1
-8760 -2060 1
-8754 -2088 1
-8747 -2115 1
-8741 -2143 1
-8734 -2170 1
-8727 -2198 1
-8720 -2225 1
-8713 -2253 1
-8706 -2280 1
-8699 -2307 1
-8691 -2335 1
-8684 -2362 1
-8676 -2389 1
-8669 -2416 1
-8661 -2444 1
-8654 -2471 1
-8646 -2498 1
-8638 -2525 1
-8630 -2552 1
-8622 -2579 1
-8614 -2607 1
-8605 -2634 1
-8597 -2661 1
-8589 -2688 1
-8580 -2715 1
-8572 -2742 1
-8563 -2769 1
-8554 -2795 1
-8545 -2822 1
-8536 -2849 1
-8527 -2876 1
-8518 -2903 1
-8509 -2930 1
-8500 -2956 1
-8491 -2983 1
-8481 -3010 1
-8472 -3036 1
-8462 -3063 1
-8452 -3089 1
-8443 -3116 1
-8433 -3143 1
-8423 -3169 1
-8413 -3196 1
-8403 -3222 1
-8393 -3248 1
-8382 -3275 1
-8372 -3301 1
-8362 -3327 1
-8351 -3354 1
-8341 -3380 1
-8330 -3406 1
-8319 -3432 1
-8308 -3458 1
-8297 -3484 1
-8286 -3511 1
-8275 -3537 1
-8264 -3563 1
-8253 -3588 1
-8242 -3614 1
-8230 -3640 1
-8219 -3666 1
-8207 -3692 1
-8196 -3718 1
-8184 -3743 1
-8172 -3769 1
-8160 -3795 1
-8148 -3821 1
-8136 -3846 1
-8124 -3872 1
-8112 -3897 1
-8099 -3923 1
-8087 -3948 1
-8075 -3973 1
-8062 -3999 1
-8049 -4024 1
-8037 -4049 1
-8024 -4075 1
-8011 -4100 1
-7998 -4125 1
-7985 -4150 1
-7972 -4175 1
-7959 -4200 1
-7946 -4225 1
-7932 -4250 1
-7919 -4275 1
-7906 -4300 1
-7892 -4325 1
-7878 -4350 1
-7865 -4374 1
-7851 -4399 1
-7837 -4424 1
-7823 -4448 1
-7809 -4473 1
-7795 -4497 1
-7781 -4522 1
-7766 -4546 1
-7752 -4571 1
-7738 -4595 1
-7723 -4619 1
-7709 -4644 1
-7694 -4668 1
-7679 -4692 1
-7665 -4716 1
-7650 -4740 1
-7635 -4764 1
-7620 -4788 1
-7605 -4812 1
-7589 -4836 1
-7574 -4860 1
-7559 -4884 1
-7544 -4907 1
-7528 -4931 1
-7513 -4955 1
-7497 -4978 1
-7481 -5002 1
-7465 -5025 1
-7450 -5049 1
-7434 -5072 1
-7418 -5096 1
-7402 -5119 1
-7386 -5142 1
-7369 -5165 1
-7353 -5188 1
-7337 -5211 1
-7320 -5234 1
-7304 -5257 1
-7287 -5280 1
-7271 -5303 1
-7254 -5326 1
-7237 -5349 1
-7220 -5372 1
-7203 -5394 1
-7186 -5417 1
-7169 -5439 1
-7152 -5462 1
-7135 -5484 1
-7118 -5507 1
-7100 -5529 1
-7083 -5551 1
-7065 -5574 1
-7048 -5596 1
-7030 -5618 1
-7013 -5640 1
-6995 -5662 1
-6977 -5684 1
-6959 -5706 1
-6941 -5728 1
-6923 -5750 1
-6905 -5771 1
-6887 -5793 1
-6869 -5815 1
-6850 -5836 1
-6832 -5858 1
-6813 -5879 1
-6795 -5901 1
-6776 -5922 1
-6758 -5943 1
-6739 -5964 1
-6720 -5985 1
-6701 -6007 1
-6682 -6028 1
-6663 -6049 1
-6644 -6070 1
-6625 -6090 1
-6606 -6111 1
-6587 -6132 1
-6568 -6153 1
-6548 -6173 1
-6529 -6194 1
-6509 -6214 1
-6490 -6235 1
-6470 -6255 1
-6450 -6275 1
-6431 -6296 1
-6411 -6316 1
-6391 -6336 1
-6371 -6356 1
-6351 -6376 1
-6331 -6396 1
-6311 -6416 1
-6291 -6436 1
-6270 -6455 1
-6250 -6475 1
-6230 -6495 1
-6209 -6514 1
-6189 -6534 1
-6168 -6553 1
-6147 -6572 1
-6127 -6592 1
-6106 -6611 1
-6085 -6630 1
-6064 -6649 1
-6043 -6668 1
-6022 -6687 1
-6001 -6706 1
-5980 -6725 1
-5959 -6744 1
-5938 -6762 1
-5917 -6781 1
-5895 -6800 1
-5874 -6818 1
-5852 -6836 1
-5831 -6855 1
-5809 -6873 1
-5788 -6891 1
-5766 -6910 1
-5744 -6928 1
-5722 -6946 1
-5700 -6964 1
-5679 -6981 1
-5657 -6999 1
-5635 -7017 1
-5612 -7035 1
-5590 -7052 1
-5568 -7070 1
-5546 -7087 1
-5524 -7105 1
-5501 -7122 1
-5479 -7139 1
-5456 -7157 1
-5434 -7174 1
-5411 -7191 1
-5389 -7208 1
-5366 -7225 1
-5343 -7241 1
-5320 -7258 1
-5298 -7275 1
-5275 -7291 1
-5252 -7308 1
-5229 -7324 1
-5206 -7341 1
-5183 -7357 1
-5159 -7373 1
-5136 -7390 1
-5113 -7406 1
-5090 -7422 1
-5066 -7438 1
-5043 -7454 1
-5019 -7469 1
-4996 -7485 1
-4972 -7501 1
-4949 -7516 1
-4925 -7532 1
-4901 -7547 1
-4878 -7563 1
-4854 -7578 1
-4830 -7593 1
-4806 -7608 1
-4782 -7624 1
-4758 -7639 1
-4734 -7653 1
-4710 -7668 1
-4686 -7683 1
-4662 -7698 1
-4638 -7712 1
-4613 -7727 1
-4589 -7741 1
-4565 -7756 1
-4540 -7770 1
-4516 -7784 1
-4491 -7798 1
-4467 -7813 1
-4442 -7827 1
-4418 -7840 1
-4393 -7854 1
-4368 -7868 1
-4343 -7882 1
-4319 -7895 1
-4294 -7909 1
-4269 -7922 1
-4244 -7936 1
-4219 -7949 1
-4194 -7962 1
-4169 -7975 1
-4144 -7988 1
-4119 -8001 1
-4094 -8014 1
-4068 -8027 1
-4043 -8040 1
-4018 -8053 1
-3993 -8065 1
-3967 -8078 1
-3942 -8090 1
-3916 -8103 1
-3891 -8115 1
-3865 -8127 1
-3840 -8139 1
-3814 -8151 1
-3788 -8163 1
-3763 -8175 1
-3737 -8187 1
-3711 -8198 1
-3686 -8210 1
-3660 -8222 1
-3634 -8233 1
-3608 -8244 1
-3582 -8256 1
-3556 -8267 1
-3530 -8278 1
-3504 -8289 1
-3478 -8300 1
-3452 -8311 1
-3426 -8322 1
-3399 -8333 1
-3373 -8343 1
-3347 -8354 1
-3321 -8364 1
-3294 -8375 1
-3268 -8385 1
-3242 -8395 1
-3215 -8405 1
-3189 -8415 1
-3162 -8425 1
-3136 -8435 1
-3109 -8445 1
-3083 -8455 1
-3056 -8465 1
-3030 -8474 1
-3003 -8484 1
-2976 -8493 1
-2950 -8502 1
-2923 -8511 1
-2896 -8521 1
-2869 -8530 1
-2842 -8539 1
-2816 -8548 1
-2789 -8556 1
-2762 -8565 1
-2735 -8574 1
-2708 -8582 1
-2681 -8591 1
-2654 -8599 1
-2627 -8607 1
-2600 -8616 1
-2573 -8624 1
-2546 -8632 1
-2518 -8640 1
-2491 -8648 1
-2464 -8655 1
-2437 -8663 1
-2410 -8671 1
-2382 -8678 1
-2355 -8686 1
-2328 -8693 1
-2300 -8700 1
-2273 -8708 1
-2246 -8715 1
-2218 -8722 1
-2191 -8729 1
-2163 -8735 1
-2136 -8742 1
-2108 -8749 1
-2081 -8756 1
-2053 -8762 1
-2026 -8768 1
-1998 -8775 1
-1971 -8781 1
-1943 -8787 1
-1915 -8793 1
-1888 -8799 1
-1860 -8805 1
-1832 -8811 1
-1805 -8817 1
-1777 -8822 1
-1749 -8828 1
-1721 -8833 1
-1694 -8839 1
-1666 -8844 1
-1638 -8849 1
-1610 -8854 1
-1582 -8859 1
-1555 -8864 1
-1527 -8869 1
-1499 -8874 1
-1471 -8878 1
-1443 -8883 1
-1415 -8887 1
-1387 -8892 1
-1359 -8896 1
-1331 -8900 1
-1303 -8905 1
-1275 -8909 1
-1247 -8913 1
-1219 -8916 1
-1191 -8920 1
-1163 -8924 1
-1135 -8928 1
-1107 -8931 1
-1079 -8935 1
-1051 -8938 1
-1023 -8941 1
-995 -8944 1
-967 -8947 1
-938 -8950 1
-910 -8953 1
-882 -8956 1
-854 -8959 1
-826 -8961 1
-798 -8964 1
-769 -8967 1
-741 -8969 1
-713 -8971 1
-685 -8973 1
-657 -8975 1
-628 -8977 1
-600 -8979 1
-572 -8981 1
-544 -8983 1
-515 -8985 1
-487 -8986 1
-459 -8988 1
-431 -8989 1
-402 -8990 1
-374 -8992 1
-346 -8993 1
-318 -8994 1
-289 -8995 1
-261 -8996 1
-233 -8996 1
-205 -8997 1
-176 -8998 1
-148 -8998 1
-120 -8999 1
-91 -8999 1
-63 -8999 1
-35 -8999 1
-7 -8999 1
21 -8999 1
49 -8999 1
77 -8999 1
106 -8999 1
134 -8998 1
162 -8998 1
190 -8997 1
219 -8997 1
247 -8996 1
275 -8995 1
304 -8994 1
332 -8993 1
360 -8992 1
388 -8991 1
417 -8990 1
445 -8988 1
473 -8987 1
501 -8985 1
530 -8984 1
558 -8982 1
586 -8980 1
614 -8978 1
643 -8977 1
671 -8974 1
699 -8972 1
727 -8970 1
755 -8968 1
784 -8965 1
812 -8963 1
840 -8960 1
868 -8957 1
896 -8955 1
924 -8952 1
952 -8949 1
981 -8946 1
1009 -8943 1
1037 -8940 1
1065 -8936 1
1093 -8933 1
1121 -8929 1
1149 -8926 1
1177 -8922 1
1205 -8918 1
1233 -8915 1
1261 -8911 1
1289 -8907 1
1317 -8903 1
1345 -8898 1
1373 -8894 1
1401 -8890 1
1429 -8885 1
1457 -8881 1
1485 -8876 1
1513 -8871 1
1541 -8867 1
1569 -8862 1
1596 -8857 1
1624 -8852 1
1652 -8846 1
1680 -8841 1
1708 -8836 1
1735 -8831 1
1763 -8825 1
1791 -8819 1
1819 -8814 1
1846 -8808 1
1874 -8802 1
1902 -8796 1
1929 -8790 1
1957 -8784 1
1984 -8778 1
2012 -8772 1
2040 -8765 1
2067 -8759 1
2095 -8752 1
2122 -8746 1
2150 -8739 1
2177 -8732 1
2205 -8725 1
2232 -8718 1
2259 -8711 1
2287 -8704 1
2314 -8697 1
2341 -8689 1
2369 -8682 1
2396 -8675 1
2423 -8667 1
2450 -8659 1
2478 -8652 1
2505 -8644 1
2532 -8636 1
2559 -8628 1
2586 -8620 1
2613 -8612 1
2640 -8603 1
2667 -8595 1
2694 -8587 1
2721 -8578 1
2748 -8569 1
2775 -8561 1
2802 -8552 1
2829 -8543 1
2856 -8534 1
2883 -8525 1
2909 -8516 1
2936 -8507 1
2963 -8498 1
2990 -8488 1
3016 -8479 1
3043 -8469 1
3070 -8460 1
3096 -8450 1
3123 -8440 1
3149 -8430 1
3176 -8420 1
3202 -8410 1
3229 -8400 1
3255 -8390 1
3281 -8380 1
3308 -8369 1
3334 -8359 1
3360 -8349 1
3386 -8338 1
3413 -8327 1
3439 -8316 1
3465 -8306 1
3491 -8295 1
3517 -8284 1
3543 -8273 1
3569 -8261 1
3595 -8250 1
3621 -8239 1
3647 -8227 1
3673 -8216 1
3698 -8204 1
3724 -8193 1
3750 -8181 1
3776 -8169 1
3801 -8157 1
3827 -8145 1
3852 -8133 1
3878 -8121 1
3904 -8109 1
3929 -8096 1
3954 -8084 1
3980 -8071 1
4005 -8059 1
4030 -8046 1
4056 -8034 1
4081 -8021 1
4106 -8008 1
4131 -7995 1
4156 -7982 1
4182 -7969 1
4207 -7956 1
4232 -7942 1
4256 -7929 1
4281 -7916 1
4306 -7902 1
4331 -7889 1
4356 -7875 1
4381 -7861 1
4405 -7847 1
4430 -7833 1
4455 -7820 1
4479 -7805 1
4504 -7791 1
4528 -7777 1
4552 -7763 1
4577 -7749 1
4601 -7734 1
4625 -7720 1
4650 -7705 1
4674 -7690 1
4698 -7676 1
4722 -7661 1
4746 -7646 1
4770 -7631 1
4794 -7616 1
4818 -7601 1
4842 -7586 1
4866 -7570 1
4890 -7555 1
4913 -7540 1
4937 -7524 1
4961 -7509 1
4984 -7493 1
5008 -7477 1
5031 -7462 1
5055 -7446 1
5078 -7430 1
5101 -7414 1
5125 -7398 1
5148 -7382 1
5171 -7365 1
5194 -7349 1
5217 -7333 1
5240 -7316 1
5263 -7300 1
5286 -7283 1
5309 -7266 1
5332 -7250 1
5355 -7233 1
5377 -7216 1
5400 -7199 1
5423 -7182 1
5445 -7165 1
5468 -7148 1
5490 -7131 1
5512 -7113 1
5535 -7096 1
5557 -7079 1
5579 -7061 1
5601 -7044 1
5624 -7026 1
5646 -7008 1
5668 -6990 1
5690 -6973 1
5711 -6955 1
5733 -6937 1
5755 -6919 1
5777 -6900 1
5798 -6882 1
5820 -6864 1
5842 -6846 1
5863 -6827 1
5884 -6809 1
5906 -6790 1
5927 -6772 1
5948 -6753 1
5970 -6734 1
5991 -6715 1
6012 -6697 1
6033 -6678 1
6054 -6659 1
6075 -6640 1
6096 -6621 1
6116 -6601 1
6137 -6582 1
6158 -6563 1
6178 -6543 1
6199 -6524 1
6219 -6504 1
6240 -6485 1
6260 -6465 1
6280 -6445 1
6301 -6426 1
6321 -6406 1
6341 -6386 1
6361 -6366 1
6381 -6346 1
6401 -6326 1
6421 -6306 1
6440 -6285 1
6460 -6265 1
6480 -6245 1
6499 -6224 1
6519 -6204 1
6538 -6183 1
6558 -6163 1
6577 -6142 1
6597 -6122 1
6616 -6101 1
6635 -6080 1
6654 -6059 1
6673 -6038 1
6692 -6017 1
6711 -5996 1
6730 -5975 1
6748 -5954 1
6767 -5933 1
6786 -5911 1
6804 -5890 1
6823 -5868 1
6841 -5847 1
6859 -5825 1
6878 -5804 1
6896 -5782 1
6914 -5760 1
6932 -5739 1
6950 -5717 1
6968 -5695 1
6986 -5673 1
7004 -5651 1
7021 -5629 1
7039 -5607 1
7057 -5585 1
7074 -5563 1
7092 -5540 1
7109 -5518 1
7126 -5496 1
7144 -5473 1
7161 -5451 1
7178 -5428 1
7195 -5406 1
7212 -5383 1
7229 -5360 1
7246 -5338 1
7262 -5315 1
7279 -5292 1
7296 -5269 1
7312 -5246 1
7329 -5223 1
7345 -5200 1
7361 -5177 1
7377 -5154 1
7394 -5130 1
7410 -5107 1
7426 -5084 1
7442 -5060 1
7458 -5037 1
7473 -5014 1
7489 -4990 1
7505 -4967 1
7520 -4943 1
7536 -4919 1
7551 -4896 1
7567 -4872 1
7582 -4848 1
7597 -4824 1
7612 -4800 1
7627 -4776 1
7642 -4752 1
7657 -4728 1
7672 -4704 1
7687 -4680 1
7701 -4656 1
7716 -4632 1
7731 -4607 1
7745 -4583 1
7759 -4559 1
7774 -4534 1
7788 -4510 1
7802 -4485 1
7816 -4461 1
7830 -4436 1
7844 -4411 1
7858 -4387 1
7871 -4362 1
7885 -4337 1
7899 -4312 1
7912 -4288 1
7926 -4263 1
7939 -4238 1
7952 -4213 1
7966 -4188 1
7979 -4163 1
7992 -4138 1
8005 -4112 1
8018 -4087 1
8030 -4062 1
8043 -4037 1
8056 -4012 1
8068 -3986 1
8081 -3961 1
8093 -3935 1
8106 -3910 1
8118 -3884 1
8130 -3859 1
8142 -3833 1
8154 -3808 1
8166 -3782 1
8178 -3756 1
8190 -3731 1
8201 -3705 1
8213 -3679 1
8224 -3653 1
8236 -3627 1
8247 -3601 1
8259 -3576 1
8270 -3550 1
8281 -3524 1
8292 -3497 1
8303 -3471 1
8314 -3445 1
8325 -3419 1
8335 -3393 1
8346 -3367 1
8356 -3340 1
8367 -3314 1
8377 -3288 1
8388 -3262 1
8398 -3235 1
8408 -3209 1
8418 -3182 1
8428 -3156 1
8438 -3129 1
8448 -3103 1
8457 -3076 1
8467 -3050 1
8476 -3023 1
8486 -2996 1
8495 -2970 1
8505 -2943 1
8514 -2916 1
8523 -2889 1
8532 -2863 1
8541 -2836 1
8550 -2809 1
8559 -2782 1
8567 -2755 1
8576 -2728 1
8584 -2701 1
8593 -2674 1
8601 -2647 1
8610 -2620 1
8618 -2593 1
8626 -2566 1
8634 -2539 1
8642 -2512 1
8650 -2484 1
8657 -2457 1
8665 -2430 1
8673 -2403 1
8680 -2376 1
8688 -2348 1
8695 -2321 1
8702 -2294 1
8709 -2266 1
8716 -2239 1
8723 -2211 1
8730 -2184 1
8737 -2157 1
8744 -2129 1
8751 -2102 1
8757 -2074 1
8764 -2046 1
8770 -2019 1
8776 -1991 1
8783 -1964 1
8789 -1936 1
8795 -1909 1
8801 -1881 1
8807 -1853 1
8812 -1825 1
8818 -1798 1
8824 -1770 1
8829 -1742 1
8835 -1715 1
8840 -1687 1
8845 -1659 1
8850 -1631 1
8855 -1603 1
8860 -1575 1
8865 -1548 1
8870 -1520 1
8875 -1492 1
8880 -1464 1
8884 -1436 1
8889 -1408 1
8893 -1380 1
8897 -1352 1
8901 -1324 1
8906 -1296 1
8910 -1268 1
8914 -1240 1
8917 -1212 1
8921 -1184 1
8925 -1156 1
8928 -1128 1
8932 -1100 1
8935 -1072 1
8939 -1044 1
8942 -1016 1
8945 -988 1
8948 -959 1
8951 -931 1
8954 -903 1
8957 -875 1
8960 -847 1
8962 -819 1
8965 -791 1
8967 -762 1
8969 -734 1
8972 -706 1
8974 -678 1
8976 -650 1
8978 -621 1
8980 -593 1
8982 -565 1
8983 -537 1
8985 -508 1
8987 -480 1
8988 -452 1
8989 -424 1
8991 -395 1
8992 -367 1
8993 -339 1
8994 -311 1
8995 -282 1
8996 -254 1
8997 -226 1
8997 -198 1
8998 -169 1
8998 -141 1
8999 -113 1
8999 -84 1
8999 -56 1
8999 -28 1
