1936
3600 2800 72
500 700 91
3300 1000 96
4100 2800 91
300 700 81
1100 0 83
500 1700 85
3300 3600 98
3800 3200 91
300 500 92
200 1400 81
600 700 85
2400 300 94
2900 1200 98
400 1400 84
2700 4000 71
1600 0 99
900 1300 83
2300 2400 78
3100 3400 91
2700 400 87
1000 1500 75
3000 100 85
1400 600 99
2900 2800 91
1100 4100 95
2400 2000 72
3400 500 91
100 500 77
3200 1100 90
1700 2600 99
1800 3500 97
200 4000 86
3400 2600 92
2200 4000 94
3400 3000 82
3300 2100 94
3300 400 96
1100 1200 82
1900 1000 80
4000 3400 96
4000 2000 85
4000 3000 93
1100 3700 81
1100 2200 81
1900 3900 72
2400 100 98
3200 2900 85
100 3400 75
3500 200 98
1700 1600 97
700 3700 78
1400 3700 87
2700 3700 99
2500 3500 98
3400 3600 79
600 800 90
2300 2700 88
3900 2300 87
4300 1600 91
200 600 82
3700 1300 83
1500 0 83
3900 900 96
3700 1900 77
800 1600 85
3200 3600 88
1400 3500 95
3700 1800 85
3100 4300 80
3400 200 72
3800 1400 97
1700 3200 88
2200 2000 97
3800 0 72
2400 1400 93
100 3200 93
0 1500 93
2300 3200 85
3500 700 70
400 2400 94
3700 3900 94
2100 3900 74
400 1700 85
3800 600 77
1900 4200 89
3100 500 92
300 2500 90
2600 1700 88
1600 400 75
4300 1700 76
2900 2600 83
3300 1200 94
3100 300 85
500 1100 90
1000 1700 72
300 1000 78
100 4000 87
3100 600 88
4300 1500 85
200 3000 78
3100 2100 84
4300 4200 72
1300 4200 90
2800 2800 98
4300 3700 99
2000 2800 96
2100 700 94
2200 1300 74
3800 900 79
1200 300 94
1100 1700 96
1300 3300 74
1700 600 87
4100 600 86
3300 1600 82
600 600 97
2800 500 99
1700 400 79
2400 3700 91
2700 900 71
2300 2800 90
3000 500 77
1600 1100 80
1000 4000 99
1100 4200 94
3800 3000 81
4200 4200 93
2400 1900 70
3500 2700 72
1100 1000 80
2400 2200 94
1200 3400 91
1800 2600 72
300 3700 74
3400 1000 84
3700 2800 92
900 200 72
2600 4300 74
3400 1700 97
2800 2100 95
1600 3200 76
1300 2300 72
1500 4100 86
3500 100 85
2600 3900 86
3500 4000 92
1200 3200 70
2100 2100 98
3200 1800 98
3900 1200 87
700 800 87
1000 4100 74
1100 300 96
3300 1400 73
2400 2600 72
800 3700 80
900 2700 91
0 4000 77
100 2000 81
100 1600 92
900 1800 76
1700 800 81
2200 3700 79
3200 1900 81
3500 3300 83
400 3700 90
1200 2100 74
1300 2400 90
900 2600 76
1800 2200 84
1200 1300 70
2600 600 84
200 3100 72
2500 300 76
2100 4200 97
300 3000 93
3200 4200 87
600 500 85
2200 1100 75
0 4100 72
3600 2300 74
500 2500 92
2700 0 84
2400 4300 77
3200 3900 86
3100 2800 71
1900 2000 70
800 4100 96
3700 4000 80
1300 2500 97
2900 0 98
3900 1600 74
3600 2200 82
2200 1900 90
3600 300 89
2100 3300 99
1800 400 83
3900 3400 99
4000 3900 80
3300 2300 80
1000 2400 99
500 3800 91
3500 3100 77
3000 2100 90
2500 4000 95
2900 2300 82
4000 3700 87
2300 3500 89
100 200 78
1000 1100 76
3800 2300 90
3100 2300 92
3900 1400 81
2800 1100 70
1600 600 73
3500 500 71
3800 2600 72
0 500 72
4200 900 75
0 2100 89
200 200 88
4200 1000 91
3800 3400 93
500 2400 73
1700 3700 81
3900 3800 99
800 1800 73
600 2600 79
2900 2700 95
1100 2000 98
2000 4200 94
200 3300 77
2900 3100 92
700 2300 73
1900 3700 94
300 1300 90
1900 2100 90
3900 700 83
300 1100 97
600 1200 88
2200 2400 90
2900 4300 85
1800 1100 78
900 3700 70
1800 3900 74
2900 800 78
2900 700 81
0 3800 79
800 900 82
1700 500 84
900 300 74
3400 4300 82
1100 2400 70
2900 1900 89
2800 1500 97
4100 900 93
1500 4200 80
1300 2800 97
3100 1400 99
2000 0 90
1600 2100 71
3500 3000 82
3800 4300 91
2900 4000 80
1000 3700 93
1900 700 94
1000 1300 93
3000 1100 95
3600 1900 77
2400 900 93
2700 1500 73
1900 400 79
1100 600 88
2200 400 86
3800 800 78
3700 2400 93
100 2100 83
900 4200 90
1200 2300 79
2700 3500 75
3000 3400 80
3600 1700 95
800 1300 97
4200 0 89
2700 1700 77
2800 3500 85
3500 3800 75
2700 2000 89
0 3600 89
3600 600 91
300 3800 96
3100 2500 83
3400 1800 81
2900 1600 96
3600 4100 75
4000 4200 77
200 3800 93
1500 1100 82
3300 100 77
600 1800 74
500 0 95
200 3900 80
3600 500 80
4200 3300 95
3200 2400 82
3400 3700 78
3800 3700 70
1300 500 87
500 2600 96
2300 3100 79
2100 3100 77
200 800 86
1100 3500 77
2200 1400 85
1800 2500 88
900 2100 71
200 2800 92
4000 1700 91
1800 3700 87
1800 2400 73
1400 1200 85
2300 2900 72
1600 3800 76
4200 3500 77
200 1500 78
2700 2800 93
600 900 96
1000 3600 75
3500 2100 83
0 2800 96
4100 3300 71
1500 2100 87
600 400 97
2100 800 82
1700 3600 70
2300 200 72
1800 1000 75
300 3900 94
3000 3200 96
400 2900 85
1300 400 94
1200 3700 98
3800 1600 87
4200 2700 93
2500 2000 76
2800 2200 89
2600 3800 89
2800 700 84
3700 2600 89
2500 1600 91
2700 3900 73
2700 700 82
1300 100 88
1300 4300 77
2100 2400 88
4000 2600 83
3500 1900 84
200 1600 87
2700 200 87
1400 2500 95
400 3100 93
2100 2600 79
4100 3400 87
2900 3200 72
1400 2400 91
4300 4300 85
4100 3600 83
1600 2900 97
4000 3600 96
4200 1800 75
3400 400 90
1500 900 95
1700 1800 72
2800 3300 96
1800 2100 85
4300 2400 93
4100 1900 87
800 0 93
4000 4300 76
1000 100 73
4000 2300 79
3700 2200 88
4100 300 97
3400 4100 92
0 200 93
700 2700 70
2300 4200 70
3200 3100 71
800 1100 83
3100 3200 98
3800 3900 71
1600 4000 70
600 4000 70
3600 1500 82
3200 800 91
4200 3100 84
2700 3400 71
1300 4100 79
2900 500 98
1500 2200 91
700 1100 94
2800 2600 97
1600 2200 99
1900 3500 73
2600 2500 83
2300 1500 74
700 3300 80
700 3600 77
600 2900 83
3700 800 82
600 3400 85
1400 100 78
1500 800 99
3300 4100 76
1600 3700 74
1300 1600 94
3100 2900 90
700 0 86
3200 2300 87
1100 3000 71
2900 4200 85
2900 1800 98
4100 500 84
2800 3000 79
1500 2800 95
3400 1600 84
2600 1800 90
3100 3500 96
1400 1800 94
2400 3900 78
3800 3600 84
900 1400 90
500 4000 99
2500 3600 74
600 3800 80
1400 3300 73
400 200 83
4100 200 83
1900 2500 77
3200 2600 75
1400 1400 72
4300 2000 75
2600 3600 71
3300 1300 72
4000 700 78
800 4000 93
3200 500 82
300 2200 94
3400 1400 70
2600 4000 86
1700 900 71
2300 2000 80
3300 3100 79
2300 2100 86
200 100 88
2600 3400 83
800 2500 90
4300 3300 71
1300 3700 99
3400 800 75
4300 500 95
1500 400 74
2000 1600 98
1400 1900 97
1400 4200 76
1600 800 86
1400 400 96
4100 700 88
3900 1800 71
2000 3600 73
3300 0 91
100 3100 74
3500 600 71
400 400 95
2800 300 86
1800 2700 92
4100 2100 73
4100 1200 84
1800 4200 78
2700 1600 90
1200 600 91
3300 3700 99
500 900 71
300 3200 88
2900 2200 97
2800 3600 99
3500 3500 79
1400 2000 89
2400 3100 70
500 1000 92
4300 2100 88
4100 1400 83
600 1500 70
2900 3400 81
1300 3500 91
600 3900 96
3200 3300 99
3600 800 92
400 600 72
800 2900 83
1900 4100 80
200 2900 89
3200 2000 81
2300 700 72
1300 300 99
4100 1300 93
2900 2900 85
1300 3600 75
3800 2700 73
1000 2700 97
2000 3900 70
3500 1800 98
3400 1200 92
500 3500 79
1200 3300 78
100 1200 94
0 800 93
3000 3700 80
1200 3900 95
2000 900 96
3400 3200 72
2300 2300 80
200 1100 94
2300 3700 99
0 3000 77
3800 400 87
1700 1200 92
1000 4300 89
900 1500 71
2600 1900 80
4100 3900 90
2200 3600 90
2700 4100 98
600 3500 76
700 3500 76
2600 0 92
3400 3900 99
4100 3100 88
3800 2400 71
4200 3900 92
4200 200 95
4100 800 92
400 2700 96
1700 1100 72
1900 200 89
2900 100 91
300 1200 86
0 4200 83
1200 200 83
2300 400 83
3700 2500 70
1400 700 86
2700 500 77
3700 4100 97
3000 3300 80
400 1100 95
400 1200 83
600 4300 85
3000 4000 95
3000 3800 75
200 4100 82
2100 0 76
2100 3400 98
300 900 91
3400 2500 71
2400 1800 74
1900 1600 74
3000 1800 74
1600 2300 90
3000 2800 72
700 3400 85
800 700 95
500 2700 98
1800 3800 91
3400 2800 85
2600 2600 92
2600 3300 96
2200 1500 71
2000 4100 70
4000 4000 90
1500 3600 72
1100 2800 87
1600 1600 81
4100 1800 79
2300 300 82
600 0 89
400 2600 78
2900 2500 98
2700 100 95
4100 1500 82
1300 1300 85
2900 300 98
2400 4100 72
2300 1600 99
1000 800 77
300 800 90
3900 2700 79
100 2500 83
1100 1400 78
800 1200 89
100 2300 88
100 3000 85
2400 1200 70
0 1800 80
900 1000 83
1900 500 91
3700 1600 90
2900 400 90
3800 1500 75
1600 3900 71
500 4100 95
1500 2500 91
2400 3300 70
3500 1100 91
900 2200 96
100 2800 95
100 3700 74
800 400 97
4300 3200 83
4200 3200 93
3900 200 88
4200 1900 79
200 2400 75
1700 4100 81
3500 2300 82
2000 2400 90
4200 4300 87
3700 3300 72
4300 3400 76
1000 700 85
1200 3000 74
1900 1400 88
3300 1900 75
100 1900 84
3700 500 74
700 2800 74
2400 1300 91
2500 3300 79
500 3700 81
2200 3800 94
1800 2800 86
2500 900 78
1500 2400 86
3300 2700 94
1100 3900 96
3600 1600 93
1300 3100 89
1500 3000 94
500 1400 75
2700 3000 79
2800 100 88
2000 2100 84
3700 2000 70
1900 2400 70
4300 2500 92
1000 300 87
3000 800 93
1400 1500 84
4300 1000 87
100 2400 88
2700 2500 99
3700 3400 95
3900 1300 72
1000 3800 90
400 300 97
2700 2700 97
200 1700 78
2000 1900 95
3900 800 79
1000 0 72
1700 3400 74
3400 3300 83
1900 4000 99
3300 300 99
800 3600 90
3800 3500 86
400 2000 92
1700 2200 97
3300 4000 79
1600 1900 96
1300 2700 89
3800 2200 96
0 3100 96
4100 2400 80
1400 3000 98
4200 3400 97
3500 3700 81
1000 3200 78
2300 4000 88
2400 2500 70
600 1600 86
1900 3600 98
500 200 75
500 1800 83
3600 3700 93
2800 3100 76
4200 2000 71
2100 1600 93
1600 900 79
2400 2900 94
4000 500 76
3100 2400 76
4200 2900 84
100 3300 76
4100 1000 90
400 900 85
2700 2600 84
4200 500 90
3800 200 77
2800 3800 78
3200 1600 78
1500 300 71
3500 1200 84
3900 2200 83
1900 1300 82
3900 1100 73
3800 1200 71
300 600 91
1500 3500 87
2100 2300 72
1100 3400 77
2200 1800 98
0 2600 79
2800 800 91
200 3700 88
2500 3000 97
3400 2100 95
1600 3000 70
400 1500 78
2500 1300 76
1600 2400 86
3200 900 96
1400 2200 75
2700 4200 71
2700 2900 80
1500 3300 82
4100 3500 72
0 700 78
2900 1700 78
500 2800 79
700 4200 93
2000 2700 87
700 2400 97
1100 2100 91
600 300 80
1600 1800 92
1800 0 97
400 4100 77
3600 2000 92
3600 2400 86
400 500 77
800 3400 80
3200 1400 93
1300 2000 95
3400 2900 95
2000 1500 79
2900 1500 95
2200 3900 92
1300 1200 78
400 2500 95
1300 2200 85
2600 1300 85
4100 100 96
1400 2700 81
100 300 71
2600 2700 93
700 2600 88
1700 2300 81
1800 1600 73
4300 800 91
1500 2000 93
3100 3700 98
1600 1200 73
1400 3900 95
400 4200 71
3700 2300 96
3500 2500 90
3900 1000 85
3700 1500 80
3200 100 86
0 1200 82
3100 1800 89
800 2000 88
4300 2800 83
3700 400 93
1500 2700 96
2700 3300 71
3800 1300 85
800 600 79
900 400 89
3400 600 95
3000 3900 90
3400 3500 81
2200 1700 98
3300 200 94
2200 1000 81
900 3300 93
2600 2300 98
200 500 92
1100 2600 78
3700 2700 86
2600 3500 99
2700 1100 93
3800 2100 79
800 2600 84
2500 4300 93
4000 1500 93
3800 2500 96
1300 1900 85
700 1800 83
1800 3300 88
3000 3100 91
500 500 89
400 2200 79
1300 4000 70
3300 4200 89
500 4200 99
2000 3000 92
3900 300 90
1100 2700 73
1100 3300 83
1700 2800 89
2100 2000 84
3100 700 83
4000 900 72
2100 1200 89
2300 600 73
1300 1100 73
1300 900 96
500 3200 88
4300 3500 72
2900 2000 99
1400 1000 89
3500 900 81
3900 0 77
3200 1500 95
3300 700 90
4200 1100 84
2800 2700 73
4000 800 85
1600 200 89
2000 2900 98
2100 3500 74
1100 100 99
2200 2300 76
2000 3700 91
2200 600 80
3200 3800 79
600 1900 97
600 4200 90
1000 2300 90
2500 3200 85
1500 1200 89
3500 3200 99
0 1600 77
2300 2500 88
4000 2400 75
4300 100 90
1500 1700 99
3900 600 75
4300 3900 94
1400 3400 99
1400 3100 99
2700 1900 79
2100 3700 76
1100 2500 80
1100 3200 74
3600 0 98
4100 3000 80
2900 3500 75
3400 2200 72
4200 1200 72
2300 3800 81
600 1100 97
3800 500 95
2800 1800 74
3500 3400 80
1600 3300 99
4000 3500 78
1200 3800 74
4100 2000 81
3100 1900 71
3100 1600 95
1500 3400 83
2000 2200 82
900 1700 78
800 1500 99
400 1900 84
3000 300 77
1700 100 73
1600 3400 91
3800 3100 99
2400 3500 98
1600 4100 92
1600 4200 74
3300 500 89
3100 3600 90
1100 2300 85
4200 2600 94
0 2500 73
2800 2900 78
1900 600 90
1400 4000 81
3800 700 93
1500 1800 79
2500 200 78
1600 700 82
0 300 78
4100 2200 93
1700 700 80
4000 0 98
4200 3800 84
2600 200 96
1100 900 76
2600 1200 82
3700 2100 81
3800 3800 88
3200 2200 70
200 1000 78
400 3600 75
2000 4300 97
3600 100 93
200 4200 92
4000 2500 80
600 1300 94
2300 500 71
2000 700 71
3000 1000 94
900 1200 70
1700 2000 89
4000 600 86
500 3900 74
100 400 94
1100 1800 81
800 1700 73
2800 200 77
3600 200 79
1100 1300 89
2800 1200 94
3700 3100 76
4200 3700 72
0 1100 75
900 2000 70
1200 700 75
2300 100 99
3100 3000 94
1400 1300 85
4300 2300 72
2000 1400 97
0 3200 72
4200 1500 76
2100 1800 94
3800 2900 89
2500 4200 92
2200 3000 91
1200 1400 91
2400 1000 95
3700 2900 88
900 2400 94
1200 4100 79
200 3200 70
200 700 96
600 200 74
300 4300 80
300 0 92
2400 3200 92
2900 900 97
3500 1500 83
1200 400 88
4300 2900 96
3600 2500 97
3100 2600 96
2500 700 86
1200 2800 97
0 3900 91
3700 3700 71
800 2300 89
2600 2000 78
500 1600 77
4200 2200 80
2000 100 85
1400 2300 76
1200 1200 71
2000 2500 87
4200 4100 79
3500 400 85
3700 4300 91
1700 2900 96
3600 4300 77
3900 2500 84
3600 3000 92
3400 3100 73
2900 1300 98
2500 1100 92
2600 1500 97
300 4200 74
3000 1600 96
3600 3200 86
1000 1200 90
2600 2900 82
2300 3400 95
3400 2000 98
4200 100 74
2300 1800 74
100 1100 90
3500 1300 95
3500 2200 79
2800 2000 79
2200 0 99
600 3200 93
3600 3800 96
2800 3400 99
3700 0 87
1800 2300 84
300 1800 72
4100 4200 90
2200 300 99
2800 2400 78
800 2400 76
3100 3900 77
4100 3700 80
0 2200 79
3100 400 99
700 1700 92
4100 1600 79
2800 4000 79
2100 2800 99
700 2900 90
4300 1300 82
1200 1900 78
2400 3800 76
1400 3600 81
1600 500 71
3100 3800 84
2500 3400 71
2200 2500 71
3800 3300 76
3200 300 85
3600 1200 96
1000 3400 85
1900 1800 83
300 2900 96
3900 2000 96
3500 2600 89
2000 3100 83
800 1000 77
3900 2400 98
1100 3800 92
2500 3100 73
3300 2200 78
3800 4000 99
2100 2900 96
3700 1100 71
2700 1200 77
1500 4300 93
400 4000 88
500 3300 87
1300 1800 77
400 3000 71
1600 1700 71
300 3100 90
400 4300 85
2400 2800 75
3700 1700 84
2900 1000 86
4000 1800 94
200 2500 85
2700 600 90
2400 2700 81
700 1500 81
0 1700 89
4000 100 87
500 800 76
3900 2900 83
900 3800 98
1300 1700 86
0 3700 89
4100 2900 98
2600 2100 82
300 2700 76
2600 100 96
0 2400 80
1700 3000 80
3300 3400 81
2500 1000 70
3400 1300 73
1100 1600 91
3900 3100 76
1200 1800 76
2700 2200 94
100 2700 71
2400 800 82
4100 2500 84
3100 900 76
3900 3200 80
2200 2600 92
2500 1200 92
2800 2500 78
3000 2000 84
1200 2000 75
3000 0 99
1200 4200 78
1800 4000 98
3800 300 84
3800 100 82
2500 2800 80
300 400 85
1200 1100 73
3000 3600 93
2400 2100 84
4300 1900 70
2300 4300 91
1100 800 70
3400 3400 91
600 2700 89
3400 300 92
800 200 94
3700 600 73
1600 2600 87
3600 2100 94
2100 3000 81
600 1700 72
1400 2900 98
700 1000 78
2300 3000 90
4200 1700 81
0 3500 73
2400 0 80
3800 1000 93
4200 700 80
1700 4200 85
2200 3300 73
3600 400 83
4000 4100 98
3700 100 81
600 2400 78
2500 2700 85
2500 1700 82
3700 900 81
600 3700 74
0 100 89
600 3000 87
0 4300 76
1100 400 74
3600 3300 99
3000 2500 92
4300 3600 81
2700 2100 84
3600 3600 80
400 100 79
800 2800 73
2300 1100 81
3900 3600 84
3000 1400 84
1200 1700 97
3400 1500 96
200 300 93
3300 2900 76
800 3300 91
1900 2600 83
3200 3500 74
3900 3000 73
3300 800 83
2500 2400 86
1800 4300 75
3200 700 84
300 3300 74
4200 300 81
1900 1500 92
900 900 89
1400 1600 79
300 1600 75
1900 3400 77
800 3800 73
4300 2600 96
2200 4300 99
1300 800 80
2600 3100 79
2500 2300 93
4000 200 79
200 2000 94
1000 3300 72
1800 1900 70
3300 3500 90
3500 2400 73
1000 600 94
800 3000 97
3500 1700 86
2700 4300 73
2300 1200 80
2500 800 99
1000 1400 73
2300 3600 88
400 700 79
4300 1100 78
1800 300 85
3000 3000 95
1100 2900 80
1300 1500 82
700 400 87
3900 1900 80
3200 600 99
900 2300 94
2000 1100 79
1100 3600 75
100 1300 96
1500 600 77
1500 3200 71
2300 4100 94
1700 1900 90
400 1600 95
300 2600 95
1600 3500 84
3300 2400 71
3600 2600 85
400 3200 99
3500 0 73
2400 1500 96
1200 4300 74
2800 3700 76
3900 3700 75
2000 3400 83
2300 900 96
700 900 71
2500 1400 77
2800 600 71
1200 3500 84
2400 4200 99
2400 1100 79
100 3600 85
3100 800 97
2700 800 91
3200 4100 97
3200 0 84
3100 100 86
600 2200 98
1400 3200 84
3200 1300 93
800 3200 70
1700 4000 91
2100 1700 87
2500 100 74
500 2200 85
2200 1200 86
100 1000 98
3300 3800 99
4000 1900 74
1400 300 78
700 2200 79
3700 4200 87
3400 700 90
3700 3600 77
1600 1300 99
1500 3900 78
3300 3300 89
1800 200 88
900 3500 91
100 4200 85
2200 100 74
1700 3300 74
100 4300 84
4200 2300 80
1700 200 91
900 1600 79
100 1400 70
500 3000 94
2600 1600 92
200 1800 77
500 1200 84
1300 3900 93
4000 400 99
1900 3100 70
3900 4000 85
3300 2000 86
3600 700 85
100 1800 79
100 600 81
300 200 77
200 400 75
2500 3800 88
1800 1500 74
3100 1200 78
3100 1500 72
4000 2200 86
2700 3600 73
3700 3800 98
4100 4100 98
3600 3100 89
1900 3800 95
400 2800 82
2000 3200 99
3500 1600 93
200 3400 94
2900 2400 93
100 800 98
3600 4000 87
2500 4100 78
2600 1400 96
0 3400 90
2800 4300 96
3000 700 74
3300 2600 95
1900 0 83
2700 1300 94
3200 3000 96
1600 3600 81
200 2300 81
2100 900 98
3000 400 83
2600 1100 99
300 1700 86
600 2800 73
0 600 94
500 3100 78
2400 700 80
3700 3500 71
2100 600 76
700 200 85
1600 1000 90
3200 400 83
1100 4300 81
1000 2200 90
1300 2900 85
3000 1500 83
1600 1400 95
4100 1100 84
100 1500 83
2400 600 79
1100 700 92
1700 3800 75
1900 100 91
3900 3300 98
1900 1100 80
3000 600 86
3300 3900 97
0 400 80
3900 4200 74
300 3500 84
2600 3000 71
1200 100 71
4000 2700 70
2900 1400 73
1200 800 80
1200 1000 75
2300 800 71
1800 1200 70
3900 2600 97
900 3100 91
2900 3300 89
200 2200 99
1700 1300 82
3600 1800 99
2700 2400 72
3600 1000 83
800 1400 97
1500 500 87
2200 2700 93
3600 1300 84
2700 1400 74
100 1700 86
900 4100 73
1800 2000 75
2300 2600 92
2200 900 83
3500 4300 82
2600 2800 83
2000 3500 78
2200 3400 88
2600 1000 98
2100 4000 96
1900 900 90
600 3300 72
4200 2500 89
400 1300 80
3200 4000 74
1500 1500 78
900 3900 84
1000 1000 70
3400 4200 84
900 3000 78
3300 2800 92
3600 4200 98
1800 3000 90
3900 400 74
1400 900 98
1100 1100 87
800 1900 73
500 3400 91
3100 2700 89
3900 1500 88
2100 1500 80
2000 1800 77
1000 4200 95
2500 2200 77
2700 300 86
3400 3800 90
1100 3100 93
500 2300 76
700 1900 87
1200 3600 98
3900 500 74
3200 2800 93
200 2700 78
1500 2900 80
1700 1400 84
1800 800 73
4300 1200 70
3300 600 98
600 2000 84
1700 1000 75
1100 500 90
300 4100 88
1200 1500 89
200 3500 98
1600 100 84
3500 4200 90
700 4000 95
3000 2600 85
100 3900 71
100 4100 75
1000 2100 91
2100 1000 84
1600 2000 89
2800 900 72
800 3500 83
3000 1200 76
3100 1700 85
700 600 78
600 1000 84
0 2300 87
1200 2900 90
700 1300 97
2200 2800 92
4100 3800 96
2200 2900 71
2100 200 96
400 3400 73
800 4200 80
3400 100 87
1700 3900 91
2300 3900 82
2400 3400 93
1000 1900 72
1000 400 98
1100 1900 71
1900 4300 98
2600 3700 97
200 900 97
2100 3800 83
700 4300 84
2100 3600 70
1900 1900 75
1000 2000 87
0 1400 97
1000 3000 81
700 100 78
500 1900 99
2800 4200 87
500 3600 73
1800 1700 83
4300 1400 97
1300 3400 89
2100 500 79
1200 500 86
3500 1000 96
700 4100 97
900 3400 91
2300 0 97
1300 2100 70
2800 1400 96
4000 2800 92
3100 4100 91
1300 700 74
800 2700 82
700 1200 79
100 0 75
0 0 77
4000 300 95
3800 2800 95
200 1300 97
2600 700 92
3900 1700 82
400 3900 91
400 3500 77
1600 3100 93
2100 2700 99
900 600 99
2100 300 71
4300 900 94
500 1500 79
300 4000 83
100 900 74
3100 1000 92
1400 1700 84
2000 1300 84
2800 3200 78
3500 2800 97
4000 3100 81
4200 1600 87
2500 3700 70
1900 800 89
3300 2500 90
600 4100 94
3100 0 70
2600 400 73
2100 400 74
2200 200 91
2900 4100 88
0 2900 95
2400 2400 89
900 1100 80
4200 4000 99
300 1900 98
3400 0 95
3300 1800 92
1000 1800 93
1300 1400 71
2600 4200 84
2800 1300 82
3200 3400 72
3800 2000 89
1700 3500 88
400 1000 86
4000 3300 78
4300 0 90
4100 2300 89
3200 4300 93
2600 2200 85
1300 0 85
300 1500 89
3900 4100 87
0 1300 72
800 500 85
2600 3200 71
4100 1700 87
4300 4100 70
3900 100 97
1200 2500 86
2400 2300 91
1000 900 71
2000 3800 90
3000 2700 94
3000 4100 77
300 100 92
300 2400 89
4000 1600 99
300 2300 93
3800 4100 95
900 800 70
3700 1400 83
3800 1700 92
2500 2600 72
1000 500 70
1600 2500 81
4000 3800 84
1300 600 70
800 2200 78
3800 4200 95
1400 500 71
3400 2700 94
4200 2400 85
2100 100 81
3500 300 94
3600 3500 78
600 2500 99
2300 1900 75
3700 700 72
1800 1800 79
1800 4100 91
900 2900 90
600 2300 85
1200 900 86
2500 2100 75
1800 3100 80
2800 1600 86
700 1400 93
1500 3100 95
2500 2500 73
2000 500 74
1900 1200 83
2400 200 91
4300 4000 92
2100 2500 73
200 1900 97
3100 4000 98
3900 3500 97
1700 2500 70
700 2100 78
900 1900 99
4300 2700 78
2600 800 79
900 500 92
1800 700 96
3500 3600 70
1800 100 90
3400 4000 95
1400 3800 84
3700 200 86
3000 1900 97
4100 2700 94
2800 1700 83
2400 500 75
3000 3500 82
1500 3700 74
800 300 98
1200 2400 96
800 2100 95
1900 2900 81
2500 1900 93
900 3600 75
600 2100 81
2300 1300 76
100 3500 99
1800 2900 74
1200 2700 86
1000 1600 90
500 1300 74
3400 2300 90
2000 1200 83
2800 2300 98
1900 2700 73
2000 2000 78
1600 2800 98
1000 3500 74
4100 3200 98
400 1800 85
3700 3000 94
2000 4000 78
1500 2300 72
4200 3000 94
2600 4100 86
3200 3200 77
1600 300 86
1500 1600 92
600 3600 93
4300 3800 97
2200 500 87
2700 3800 96
4000 2100 92
100 2900 83
4300 700 96
1000 3100 97
1400 4100 74
3100 1100 79
3200 3700 83
3600 3900 83
1500 200 82
1300 3800 98
400 2100 81
3000 2200 77
4100 0 84
3000 200 97
4300 3100 86
4200 2100 85
2800 1900 71
3200 2500 83
4200 1400 80
3600 3400 89
3000 1300 79
3000 2400 80
700 3100 97
2800 4100 74
3400 2400 81
1200 1600 75
200 1200 91
2600 900 92
100 2600 98
1900 2800 82
3600 900 97
1300 3000 73
700 3800 70
2200 3500 70
4000 1100 83
2700 3100 90
400 3800 72
2100 1100 74
700 3000 95
1200 4000 87
300 2800 73
3300 3200 95
3100 200 80
0 2000 73
0 900 89
100 2200 97
2000 300 85
400 2300 82
2800 0 90
3500 2000 88
1900 3200 80
700 300 73
3200 1700 71
3700 1000 81
3500 3900 98
2400 4000 83
700 1600 80
2700 3200 73
4300 1800 94
100 3800 79
2900 1100 71
2900 200 83
1700 1500 89
4000 1300 83
2000 2300 95
3300 3000 77
1800 500 77
100 100 75
3000 2300 85
900 4000 99
3100 1300 95
3100 3300 72
2100 4100 89
2300 1400 90
1800 3600 86
3300 1100 85
500 600 74
4200 800 84
1800 600 99
600 1400 90
1600 1500 73
2900 3600 78
700 2500 74
600 3100 97
1900 3000 94
3800 1900 84
2200 4200 82
1800 3400 91
900 3200 90
400 0 90
1700 2100 70
1500 2600 77
3100 4200 87
1500 1000 77
2000 2600 70
4300 2200 79
4000 1000 98
1400 1100 97
3500 4100 85
2400 1700 80
1200 2200 87
2000 3300 70
1500 3800 71
3500 1400 92
1000 3900 71
1800 1400 92
1700 0 74
2500 0 73
2100 1400 81
2600 500 84
500 2000 90
3500 800 74
500 400 97
2600 2400 80
200 4300 95
300 3600 86
500 4300 70
700 500 96
2200 1600 72
2400 1600 89
4300 3000 76
1900 300 73
4000 1200 79
2800 1000 75
1200 3100 91
3900 2800 95
3400 900 86
4100 4300 83
200 2600 85
1900 1700 88
200 2100 94
2800 3900 96
2100 1300 98
2900 3000 84
3000 2900 71
3900 2100 70
1200 2600 76
900 2800 94
1500 4000 72
2200 3100 80
3700 3200 76
2500 3900 99
3700 300 81
1100 200 86
2500 600 95
400 3300 77
100 700 93
0 1900 92
1300 1000 85
800 800 93
1500 1300 97
2300 1700 79
2000 200 73
2200 2100 97
1200 0 77
3000 4300 78
500 2100 95
1700 1700 97
1400 0 96
3500 2900 82
700 700 76
1000 2900 75
2200 4100 80
0 2700 88
2400 3600 82
1300 200 98
4300 400 92
1400 2100 75
1600 2700 73
3200 1200 92
2300 3300 83
2300 1000 88
4300 300 76
2000 400 75
800 4300 74
4100 2600 87
3000 1700 93
2000 600 85
3300 1700 81
2000 1700 90
600 100 83
500 300 76
3600 1400 99
2300 2200 79
3600 1100 89
2200 3200 91
4300 600 78
3600 2900 86
3400 1900 91
3900 4300 85
200 0 91
700 2000 91
1900 3300 88
4100 400 88
500 2900 91
1900 2300 97
2500 400 91
900 2500 78
1600 4300 90
1500 1900 78
3800 1800 74
1700 4300 81
0 3300 77
4200 2800 94
1500 700 80
900 700 81
1000 2600 81
900 100 89
800 100 90
1500 100 72
3300 4300 70
2900 2100 83
2900 3700 88
1700 300 77
2400 400 99
700 3900 86
1400 200 93
3900 3900 97
2600 300 86
300 3400 70
2100 2200 81
2700 2300 91
500 100 78
400 800 87
2500 2900 73
2900 3900 94
3200 200 89
800 3900 78
2500 1800 81
1400 4300 90
3000 4200 74
800 3100 80
3200 1000 86
1400 800 87
2000 1000 81
1300 2600 87
3800 1100 87
3300 900 96
1500 1400 76
2900 600 71
3400 1100 95
2800 400 92
4200 400 71
4200 600 87
2700 1000 84
2200 800 77
200 3600 95
1100 1500 91
2900 3800 90
1300 3200 79
1900 2200 76
3300 1500 71
900 0 90
1800 900 91
300 2000 85
700 3200 90
2100 4300 74
1000 2800 84
3700 1200 92
2100 1900 93
1000 200 98
900 4300 75
1700 2700 72
2700 1800 99
0 1000 70
2500 500 71
1800 1300 79
3000 900 95
2200 2200 89
3600 2700 99
2200 700 99
3100 3100 95
2000 800 71
2500 1500 76
1400 2800 73
4100 4000 94
1100 4000 96
4200 3600 97
4300 200 86
2400 3000 79
1000 2500 97
3100 2000 91
4000 3200 97
1800 3200 70
4000 1400 83
3100 2200 74
1700 2400 96
2100 3200 93
3200 2700 78
300 300 91
1400 2600 99
3200 2100 83
4200 1300 74
1700 3100 92
4000 2900 98
300 2100 79
300 1400 90
