100
0 0 77
0 100 89
0 200 93
0 300 78
0 400 80
0 500 72
0 600 94
0 700 78
0 800 93
0 900 89
100 0 70
100 100 75
100 200 82
100 300 72
100 400 97
100 500 93
100 600 77
100 700 89
100 800 80
100 900 92
200 0 73
200 100 89
200 200 79
200 300 87
200 400 80
200 500 73
200 600 79
200 700 88
200 800 96
200 900 95
300 0 77
300 100 96
300 200 72
300 300 77
300 400 90
300 500 73
300 600 89
300 700 89
300 800 79
300 900 91
400 0 77
400 100 72
400 200 83
400 300 76
400 400 75
400 500 75
400 600 78
400 700 71
400 800 94
400 900 77
500 0 81
500 100 93
500 200 98
500 300 74
500 400 98
500 500 90
500 600 94
500 700 96
500 800 70
500 900 83
600 0 92
600 100 86
600 200 79
600 300 84
600 400 81
600 500 83
600 600 97
600 700 88
600 800 88
600 900 83
700 0 98
700 100 71
700 200 95
700 300 83
700 400 85
700 500 74
700 600 93
700 700 76
700 800 75
700 900 99
800 0 85
800 100 74
800 200 79
800 300 71
800 400 87
800 500 75
800 600 85
800 700 84
800 800 91
800 900 88
900 0 88
900 100 93
900 200 75
900 300 92
900 400 82
900 500 96
900 600 86
900 700 97
900 800 78
900 900 94
