2000
-2000 0 507
-1999 -6 549
-1999 -12 673
-1999 -18 658
-1999 -25 630
-1999 -31 772
-1999 -37 644
-1999 -43 778
-1999 -50 523
-1999 -56 609
-1999 -62 740
-1998 -69 565
-1998 -75 692
-1998 -81 742
-1998 -87 587
-1997 -94 703
-1997 -100 627
-1997 -106 729
-1996 -113 540
-1996 -119 612
-1996 -125 503
-1995 -131 669
-1995 -138 509
-1994 -144 757
-1994 -150 660
-1993 -156 533
-1993 -163 599
-1992 -169 578
-1992 -175 616
-1991 -181 735
-1991 -188 597
-1990 -194 526
-1989 -200 712
-1989 -206 567
-1988 -213 610
-1987 -219 533
-1987 -225 579
-1986 -231 549
-1985 -238 779
-1985 -244 521
-1984 -250 567
-1983 -256 772
-1982 -263 693
-1981 -269 536
-1980 -275 685
-1980 -281 745
-1979 -288 628
-1978 -294 591
-1977 -300 794
-1976 -306 657
-1975 -312 601
-1974 -319 553
-1973 -325 708
-1972 -331 744
-1971 -337 768
-1970 -343 790
-1969 -350 524
-1968 -356 796
-1966 -362 530
-1965 -368 603
-1964 -374 522
-1963 -380 666
-1962 -387 749
-1960 -393 724
-1959 -399 601
-1958 -405 753
-1957 -411 677
-1955 -417 608
-1954 -424 728
-1953 -430 633
-1951 -436 798
-1950 -442 681
-1949 -448 735
-1947 -454 513
-1946 -460 665
-1944 -466 714
-1943 -472 763
-1941 -479 536
-1940 -485 625
-1938 -491 769
-1937 -497 515
-1935 -503 594
-1934 -509 629
-1932 -515 501
-1930 -521 517
-1929 -527 595
-1927 -533 605
-1925 -539 604
-1924 -545 551
-1922 -551 698
-1920 -557 788
-1918 -564 523
-1917 -570 505
-1915 -576 582
-1913 -582 752
-1911 -588 766
-1909 -594 516
-1907 -600 737
-1905 -606 538
-1904 -612 644
-1902 -618 701
-1900 -624 797
-1898 -629 571
-1896 -635 628
-1894 -641 637
-1892 -647 658
-1890 -653 777
-1888 -659 797
-1885 -665 794
-1883 -671 704
-1881 -677 709
-1879 -683 631
-1877 -689 745
-1875 -695 575
-1873 -701 635
-1870 -706 598
-1868 -712 642
-1866 -718 699
-1864 -724 568
-1861 -730 712
-1859 -736 560
-1857 -742 657
-1854 -747 794
-1852 -753 708
-1850 -759 795
-1847 -765 668
-1845 -771 613
-1842 -776 630
-1840 -782 606
-1837 -788 662
-1835 -794 642
-1833 -800 765
-1830 -805 582
-1827 -811 552
-1825 -817 567
-1822 -823 521
-1820 -828 695
-1817 -834 612
-1814 -840 671
-1812 -845 601
-1809 -851 790
-1806 -857 731
-1804 -862 538
-1801 -868 557
-1798 -874 516
-1796 -879 790
-1793 -885 640
-1790 -891 579
-1787 -896 535
-1784 -902 606
-1782 -907 772
-1779 -913 798
-1776 -919 695
-1773 -924 719
-1770 -930 554
-1767 -935 523
-1764 -941 789
-1761 -946 760
-1758 -952 705
-1755 -957 626
-1752 -963 623
-1749 -969 706
-1746 -974 613
-1743 -979 670
-1740 -985 638
-1737 -990 594
-1734 -996 620
-1731 -1001 544
-1727 -1007 666
-1724 -1012 534
-1721 -1018 526
-1718 -1023 794
-1715 -1028 663
-1711 -1034 638
-1708 -1039 744
-1705 -1044 690
-1701 -1050 550
-1698 -1055 659
-1695 -1061 723
-1692 -1066 647
-1688 -1071 585
-1685 -1076 717
-1681 -1082 772
-1678 -1087 539
-1675 -1092 547
-1671 -1098 785
-1668 -1103 696
-1664 -1108 585
-1661 -1113 723
-1657 -1118 720
-1654 -1124 544
-1650 -1129 568
-1647 -1134 735
-1643 -1139 515
-1639 -1144 725
-1636 -1150 634
-1632 -1155 642
-1629 -1160 511
-1625 -1165 779
-1621 -1170 752
-1618 -1175 644
-1614 -1180 795
-1610 -1185 718
-1606 -1190 796
-1603 -1195 692
-1599 -1200 515
-1595 -1205 591
-1591 -1210 733
-1587 -1215 769
-1584 -1220 597
-1580 -1225 653
-1576 -1230 747
-1572 -1235 625
-1568 -1240 610
-1564 -1245 562
-1560 -1250 611
-1556 -1255 608
-1552 -1260 777
-1549 -1265 561
-1545 -1270 725
-1541 -1274 735
-1537 -1279 568
-1532 -1284 595
-1528 -1289 776
-1524 -1294 767
-1520 -1298 639
-1516 -1303 774
-1512 -1308 731
-1508 -1313 656
-1504 -1317 501
-1500 -1322 672
-1496 -1327 760
-1491 -1332 694
-1487 -1336 684
-1483 -1341 655
-1479 -1346 689
-1475 -1350 507
-1470 -1355 515
-1466 -1359 693
-1462 -1364 769
-1457 -1369 580
-1453 -1373 555
-1449 -1378 755
-1444 -1382 506
-1440 -1387 563
-1436 -1391 702
-1431 -1396 676
-1427 -1400 708
-1423 -1405 749
-1418 -1409 731
-1414 -1414 644
-1409 -1418 538
-1405 -1423 608
-1400 -1427 697
-1396 -1431 551
-1391 -1436 749
-1387 -1440 503
-1382 -1444 631
-1378 -1449 731
-1373 -1453 714
-1369 -1457 619
-1364 -1462 675
-1359 -1466 709
-1355 -1470 680
-1350 -1475 729
-1346 -1479 723
-1341 -1483 654
-1336 -1487 660
-1332 -1491 737
-1327 -1496 545
-1322 -1500 617
-1317 -1504 725
-1313 -1508 700
-1308 -1512 556
-1303 -1516 664
-1298 -1520 797
-1294 -1524 548
-1289 -1528 704
-1284 -1532 550
-1279 -1537 650
-1274 -1541 576
-1270 -1545 712
-1265 -1549 654
-1260 -1552 797
-1255 -1556 604
-1250 -1560 781
-1245 -1564 648
-1240 -1568 665
-1235 -1572 778
-1230 -1576 799
-1225 -1580 509
-1220 -1584 729
-1215 -1587 653
-1210 -1591 783
-1205 -1595 547
-1200 -1599 707
-1195 -1603 673
-1190 -1606 622
-1185 -1610 605
-1180 -1614 776
-1175 -1618 553
-1170 -1621 624
-1165 -1625 630
-1160 -1629 766
-1155 -1632 500
-1150 -1636 644
-1144 -1639 670
-1139 -1643 785
-1134 -1647 516
-1129 -1650 598
-1124 -1654 755
-1118 -1657 533
-1113 -1661 757
-1108 -1664 676
-1103 -1668 778
-1098 -1671 566
-1092 -1675 757
-1087 -1678 711
-1082 -1681 778
-1076 -1685 614
-1071 -1688 719
-1066 -1692 737
-1061 -1695 733
-1055 -1698 691
-1050 -1701 720
-1044 -1705 762
-1039 -1708 633
-1034 -1711 697
-1028 -1715 731
-1023 -1718 688
-1018 -1721 689
-1012 -1724 773
-1007 -1727 677
-1001 -1731 504
-996 -1734 758
-990 -1737 500
-985 -1740 654
-979 -1743 760
-974 -1746 615
-969 -1749 647
-963 -1752 580
-957 -1755 630
-952 -1758 755
-946 -1761 746
-941 -1764 507
-935 -1767 538
-930 -1770 500
-924 -1773 726
-919 -1776 735
-913 -1779 557
-907 -1782 613
-902 -1784 514
-896 -1787 793
-891 -1790 760
-885 -1793 554
-879 -1796 618
-874 -1798 557
-868 -1801 785
-862 -1804 629
-857 -1806 615
-851 -1809 763
-845 -1812 602
-840 -1814 717
-834 -1817 543
-828 -1820 519
-823 -1822 767
-817 -1825 647
-811 -1827 769
-805 -1830 695
-800 -1833 503
-794 -1835 773
-788 -1837 503
-782 -1840 548
-776 -1842 585
-771 -1845 658
-765 -1847 759
-759 -1850 506
-753 -1852 730
-747 -1854 724
-742 -1857 632
-736 -1859 773
-730 -1861 603
-724 -1864 797
-718 -1866 720
-712 -1868 650
-706 -1870 731
-701 -1873 780
-695 -1875 603
-689 -1877 700
-683 -1879 720
-677 -1881 533
-671 -1883 658
-665 -1885 703
-659 -1888 676
-653 -1890 750
-647 -1892 534
-641 -1894 580
-635 -1896 579
-629 -1898 532
-624 -1900 774
-618 -1902 549
-612 -1904 642
-606 -1905 649
-600 -1907 571
-594 -1909 710
-588 -1911 579
-582 -1913 783
-576 -1915 570
-570 -1917 740
-564 -1918 723
-557 -1920 550
-551 -1922 771
-545 -1924 629
-539 -1925 718
-533 -1927 746
-527 -1929 799
-521 -1930 530
-515 -1932 621
-509 -1934 676
-503 -1935 524
-497 -1937 644
-491 -1938 658
-485 -1940 596
-479 -1941 671
-472 -1943 764
-466 -1944 760
-460 -1946 598
-454 -1947 551
-448 -1949 640
-442 -1950 703
-436 -1951 551
-430 -1953 701
-424 -1954 505
-417 -1955 680
-411 -1957 618
-405 -1958 574
-399 -1959 649
-393 -1960 713
-387 -1962 520
-380 -1963 625
-374 -1964 712
-368 -1965 683
-362 -1966 588
-356 -1968 517
-350 -1969 708
-343 -1970 650
-337 -1971 524
-331 -1972 695
-325 -1973 657
-319 -1974 711
-312 -1975 590
-306 -1976 566
-300 -1977 610
-294 -1978 793
-288 -1979 653
-281 -1980 565
-275 -1980 760
-269 -1981 742
-263 -1982 703
-256 -1983 652
-250 -1984 607
-244 -1985 641
-238 -1985 610
-231 -1986 700
-225 -1987 799
-219 -1987 527
-213 -1988 571
-206 -1989 587
-200 -1989 514
-194 -1990 625
-188 -1991 541
-181 -1991 617
-175 -1992 748
-169 -1992 742
-163 -1993 515
-156 -1993 774
-150 -1994 745
-144 -1994 673
-138 -1995 520
-131 -1995 711
-125 -1996 739
-119 -1996 654
-113 -1996 705
-106 -1997 729
-100 -1997 753
-94 -1997 589
-87 -1998 666
-81 -1998 556
-75 -1998 504
-69 -1998 760
-62 -1999 698
-56 -1999 792
-50 -1999 620
-43 -1999 716
-37 -1999 780
-31 -1999 667
-25 -1999 752
-18 -1999 639
-12 -1999 598
-6 -1999 701
0 -2000 611
6 -1999 616
12 -1999 691
18 -1999 771
25 -1999 528
31 -1999 671
37 -1999 661
43 -1999 545
50 -1999 620
56 -1999 540
62 -1999 658
69 -1998 653
75 -1998 727
81 -1998 750
87 -1998 711
94 -1997 763
100 -1997 594
106 -1997 633
113 -1996 627
119 -1996 627
125 -1996 595
131 -1995 631
138 -1995 642
144 -1994 616
150 -1994 706
156 -1993 615
163 -1993 524
169 -1992 601
175 -1992 597
181 -1991 561
188 -1991 603
194 -1990 524
200 -1989 608
206 -1989 636
213 -1988 581
219 -1987 715
225 -1987 510
231 -1986 516
238 -1985 505
244 -1985 773
250 -1984 681
256 -1983 620
263 -1982 791
269 -1981 669
275 -1980 565
281 -1980 527
288 -1979 536
294 -1978 628
300 -1977 625
306 -1976 684
312 -1975 667
319 -1974 749
325 -1973 676
331 -1972 546
337 -1971 776
343 -1970 666
350 -1969 767
356 -1968 520
362 -1966 684
368 -1965 791
374 -1964 710
380 -1963 658
387 -1962 611
393 -1960 544
399 -1959 618
405 -1958 618
411 -1957 534
417 -1955 525
424 -1954 667
430 -1953 689
436 -1951 718
442 -1950 714
448 -1949 725
454 -1947 518
460 -1946 528
466 -1944 529
472 -1943 734
479 -1941 727
485 -1940 740
491 -1938 654
497 -1937 540
503 -1935 796
509 -1934 635
515 -1932 683
521 -1930 748
527 -1929 665
533 -1927 711
539 -1925 752
545 -1924 764
551 -1922 576
557 -1920 537
564 -1918 575
570 -1917 645
576 -1915 710
582 -1913 515
588 -1911 592
594 -1909 610
600 -1907 647
606 -1905 637
612 -1904 699
618 -1902 647
624 -1900 515
629 -1898 593
635 -1896 579
641 -1894 629
647 -1892 564
653 -1890 579
659 -1888 701
665 -1885 625
671 -1883 589
677 -1881 558
683 -1879 733
689 -1877 500
695 -1875 689
701 -1873 670
706 -1870 717
712 -1868 646
718 -1866 538
724 -1864 643
730 -1861 538
736 -1859 736
742 -1857 621
747 -1854 619
753 -1852 696
759 -1850 547
765 -1847 588
771 -1845 759
776 -1842 587
782 -1840 635
788 -1837 635
794 -1835 712
800 -1833 784
805 -1830 689
811 -1827 784
817 -1825 734
823 -1822 767
828 -1820 519
834 -1817 715
840 -1814 745
845 -1812 776
851 -1809 761
857 -1806 525
862 -1804 619
868 -1801 631
874 -1798 503
879 -1796 798
885 -1793 798
891 -1790 739
896 -1787 604
902 -1784 503
907 -1782 679
913 -1779 765
919 -1776 691
924 -1773 607
930 -1770 724
935 -1767 765
941 -1764 721
946 -1761 654
952 -1758 506
957 -1755 550
963 -1752 603
969 -1749 532
974 -1746 632
979 -1743 741
985 -1740 654
990 -1737 577
996 -1734 717
1001 -1731 600
1007 -1727 589
1012 -1724 765
1018 -1721 747
1023 -1718 722
1028 -1715 579
1034 -1711 617
1039 -1708 716
1044 -1705 748
1050 -1701 762
1055 -1698 529
1061 -1695 539
1066 -1692 508
1071 -1688 703
1076 -1685 757
1082 -1681 761
1087 -1678 652
1092 -1675 666
1098 -1671 521
1103 -1668 657
1108 -1664 796
1113 -1661 555
1118 -1657 630
1124 -1654 794
1129 -1650 555
1134 -1647 621
1139 -1643 512
1144 -1639 693
1150 -1636 727
1155 -1632 532
1160 -1629 744
1165 -1625 591
1170 -1621 598
1175 -1618 652
1180 -1614 756
1185 -1610 570
1190 -1606 703
1195 -1603 739
1200 -1599 514
1205 -1595 699
1210 -1591 666
1215 -1587 535
1220 -1584 621
1225 -1580 743
1230 -1576 752
1235 -1572 786
1240 -1568 719
1245 -1564 550
1250 -1560 510
1255 -1556 623
1260 -1552 769
1265 -1549 705
1270 -1545 743
1274 -1541 511
1279 -1537 531
1284 -1532 792
1289 -1528 616
1294 -1524 699
1298 -1520 771
1303 -1516 739
1308 -1512 670
1313 -1508 636
1317 -1504 691
1322 -1500 757
1327 -1496 533
1332 -1491 528
1336 -1487 677
1341 -1483 710
1346 -1479 583
1350 -1475 776
1355 -1470 589
1359 -1466 791
1364 -1462 634
1369 -1457 511
1373 -1453 504
1378 -1449 626
1382 -1444 591
1387 -1440 590
1391 -1436 522
1396 -1431 564
1400 -1427 790
1405 -1423 684
1409 -1418 713
1414 -1414 641
1418 -1409 627
1423 -1405 779
1427 -1400 784
1431 -1396 637
1436 -1391 570
1440 -1387 661
1444 -1382 681
1449 -1378 565
1453 -1373 502
1457 -1369 732
1462 -1364 632
1466 -1359 754
1470 -1355 759
1475 -1350 647
1479 -1346 677
1483 -1341 562
1487 -1336 610
1491 -1332 519
1496 -1327 650
1500 -1322 677
1504 -1317 541
1508 -1313 736
1512 -1308 620
1516 -1303 799
1520 -1298 712
1524 -1294 759
1528 -1289 556
1532 -1284 690
1537 -1279 552
1541 -1274 548
1545 -1270 714
1549 -1265 744
1552 -1260 518
1556 -1255 650
1560 -1250 601
1564 -1245 595
1568 -1240 521
1572 -1235 731
1576 -1230 601
1580 -1225 545
1584 -1220 661
1587 -1215 557
1591 -1210 610
1595 -1205 728
1599 -1200 605
1603 -1195 573
1606 -1190 537
1610 -1185 769
1614 -1180 796
1618 -1175 503
1621 -1170 521
1625 -1165 775
1629 -1160 718
1632 -1155 500
1636 -1150 689
1639 -1144 762
1643 -1139 654
1647 -1134 563
1650 -1129 543
1654 -1124 689
1657 -1118 650
1661 -1113 535
1664 -1108 515
1668 -1103 664
1671 -1098 694
1675 -1092 563
1678 -1087 758
1681 -1082 652
1685 -1076 792
1688 -1071 516
1692 -1066 714
1695 -1061 520
1698 -1055 660
1701 -1050 650
1705 -1044 668
1708 -1039 641
1711 -1034 647
1715 -1028 696
1718 -1023 787
1721 -1018 701
1724 -1012 534
1727 -1007 528
1731 -1001 671
1734 -996 748
1737 -990 775
1740 -985 753
1743 -979 671
1746 -974 729
1749 -969 593
1752 -963 719
1755 -957 671
1758 -952 520
1761 -946 764
1764 -941 579
1767 -935 730
1770 -930 510
1773 -924 780
1776 -919 513
1779 -913 542
1782 -907 638
1784 -902 582
1787 -896 744
1790 -891 728
1793 -885 693
1796 -879 775
1798 -874 680
1801 -868 700
1804 -862 596
1806 -857 647
1809 -851 770
1812 -845 687
1814 -840 543
1817 -834 533
1820 -828 752
1822 -823 661
1825 -817 524
1827 -811 500
1830 -805 780
1833 -800 578
1835 -794 657
1837 -788 623
1840 -782 798
1842 -776 614
1845 -771 645
1847 -765 562
1850 -759 709
1852 -753 510
1854 -747 549
1857 -742 618
1859 -736 790
1861 -730 755
1864 -724 743
1866 -718 755
1868 -712 685
1870 -706 534
1873 -701 575
1875 -695 621
1877 -689 651
1879 -683 526
1881 -677 751
1883 -671 659
1885 -665 783
1888 -659 514
1890 -653 737
1892 -647 779
1894 -641 798
1896 -635 700
1898 -629 537
1900 -624 585
1902 -618 778
1904 -612 784
1905 -606 542
1907 -600 615
1909 -594 760
1911 -588 667
1913 -582 740
1915 -576 607
1917 -570 766
1918 -564 528
1920 -557 762
1922 -551 663
1924 -545 769
1925 -539 590
1927 -533 723
1929 -527 778
1930 -521 713
1932 -515 761
1934 -509 610
1935 -503 740
1937 -497 778
1938 -491 500
1940 -485 794
1941 -479 707
1943 -472 656
1944 -466 751
1946 -460 586
1947 -454 531
1949 -448 744
1950 -442 539
1951 -436 776
1953 -430 584
1954 -424 752
1955 -417 708
1957 -411 514
1958 -405 654
1959 -399 519
1960 -393 528
1962 -387 571
1963 -380 570
1964 -374 763
1965 -368 547
1966 -362 524
1968 -356 643
1969 -350 754
1970 -343 708
1971 -337 781
1972 -331 652
1973 -325 788
1974 -319 563
1975 -312 659
1976 -306 619
1977 -300 679
1978 -294 556
1979 -288 661
1980 -281 687
1980 -275 553
1981 -269 799
1982 -263 588
1983 -256 744
1984 -250 680
1985 -244 566
1985 -238 783
1986 -231 774
1987 -225 736
1987 -219 609
1988 -213 767
1989 -206 534
1989 -200 739
1990 -194 684
1991 -188 551
1991 -181 649
1992 -175 666
1992 -169 667
1993 -163 510
1993 -156 589
1994 -150 627
1994 -144 573
1995 -138 781
1995 -131 595
1996 -125 636
1996 -119 774
1996 -113 635
1997 -106 531
1997 -100 772
1997 -94 528
1998 -87 798
1998 -81 670
1998 -75 587
1998 -69 797
1999 -62 789
1999 -56 746
1999 -50 790
1999 -43 711
1999 -37 612
1999 -31 763
1999 -25 612
1999 -18 681
1999 -12 551
1999 -6 630
2000 0 521
1999 6 713
1999 12 728
1999 18 650
1999 25 700
1999 31 659
1999 37 554
1999 43 792
1999 50 794
1999 56 630
1999 62 632
1998 69 559
1998 75 677
1998 81 679
1998 87 532
1997 94 572
1997 100 783
1997 106 681
1996 113 653
1996 119 622
1996 125 621
1995 131 556
1995 138 518
1994 144 691
1994 150 600
1993 156 596
1993 163 520
1992 169 504
1992 175 799
1991 181 629
1991 188 744
1990 194 775
1989 200 570
1989 206 516
1988 213 599
1987 219 780
1987 225 718
1986 231 788
1985 238 552
1985 244 728
1984 250 700
1983 256 562
1982 263 640
1981 269 749
1980 275 785
1980 281 783
1979 288 615
1978 294 759
1977 300 578
1976 306 559
1975 312 661
1974 319 782
1973 325 548
1972 331 554
1971 337 740
1970 343 581
1969 350 570
1968 356 528
1966 362 551
1965 368 644
1964 374 769
1963 380 595
1962 387 569
1960 393 510
1959 399 572
1958 405 523
1957 411 525
1955 417 719
1954 424 650
1953 430 731
1951 436 643
1950 442 646
1949 448 669
1947 454 570
1946 460 594
1944 466 710
1943 472 592
1941 479 664
1940 485 524
1938 491 761
1937 497 519
1935 503 620
1934 509 562
1932 515 661
1930 521 625
1929 527 734
1927 533 749
1925 539 590
1924 545 522
1922 551 560
1920 557 793
1918 564 528
1917 570 722
1915 576 581
1913 582 566
1911 588 568
1909 594 723
1907 600 622
1905 606 739
1904 612 717
1902 618 593
1900 624 564
1898 629 778
1896 635 656
1894 641 671
1892 647 741
1890 653 555
1888 659 636
1885 665 589
1883 671 628
1881 677 620
1879 683 702
1877 689 612
1875 695 716
1873 701 747
1870 706 746
1868 712 551
1866 718 572
1864 724 511
1861 730 523
1859 736 536
1857 742 505
1854 747 507
1852 753 733
1850 759 666
1847 765 653
1845 771 712
1842 776 725
1840 782 540
1837 788 653
1835 794 557
1833 800 533
1830 805 695
1827 811 539
1825 817 651
1822 823 558
1820 828 594
1817 834 560
1814 840 638
1812 845 529
1809 851 675
1806 857 598
1804 862 792
1801 868 733
1798 874 762
1796 879 676
1793 885 736
1790 891 546
1787 896 773
1784 902 664
1782 907 784
1779 913 792
1776 919 719
1773 924 642
1770 930 528
1767 935 559
1764 941 662
1761 946 545
1758 952 616
1755 957 527
1752 963 672
1749 969 548
1746 974 700
1743 979 570
1740 985 598
1737 990 692
1734 996 545
1731 1001 528
1727 1007 600
1724 1012 543
1721 1018 792
1718 1023 763
1715 1028 783
1711 1034 572
1708 1039 501
1705 1044 509
1701 1050 621
1698 1055 586
1695 1061 513
1692 1066 769
1688 1071 531
1685 1076 557
1681 1082 519
1678 1087 786
1675 1092 756
1671 1098 516
1668 1103 754
1664 1108 654
1661 1113 514
1657 1118 615
1654 1124 637
1650 1129 666
1647 1134 697
1643 1139 777
1639 1144 760
1636 1150 512
1632 1155 791
1629 1160 531
1625 1165 574
1621 1170 763
1618 1175 777
1614 1180 524
1610 1185 684
1606 1190 533
1603 1195 550
1599 1200 627
1595 1205 799
1591 1210 629
1587 1215 609
1584 1220 544
1580 1225 764
1576 1230 551
1572 1235 712
1568 1240 679
1564 1245 634
1560 1250 707
1556 1255 583
1552 1260 600
1549 1265 659
1545 1270 610
1541 1274 653
1537 1279 591
1532 1284 621
1528 1289 625
1524 1294 653
1520 1298 529
1516 1303 796
1512 1308 653
1508 1313 561
1504 1317 558
1500 1322 591
1496 1327 563
1491 1332 520
1487 1336 668
1483 1341 687
1479 1346 726
1475 1350 672
1470 1355 619
1466 1359 741
1462 1364 604
1457 1369 551
1453 1373 592
1449 1378 745
1444 1382 770
1440 1387 674
1436 1391 662
1431 1396 676
1427 1400 617
1423 1405 726
1418 1409 513
1414 1414 744
1409 1418 771
1405 1423 779
1400 1427 735
1396 1431 729
1391 1436 588
1387 1440 748
1382 1444 778
1378 1449 617
1373 1453 623
1369 1457 738
1364 1462 508
1359 1466 629
1355 1470 626
1350 1475 568
1346 1479 706
1341 1483 799
1336 1487 755
1332 1491 529
1327 1496 776
1322 1500 688
1317 1504 796
1313 1508 719
1308 1512 564
1303 1516 637
1298 1520 616
1294 1524 618
1289 1528 791
1284 1532 783
1279 1537 798
1274 1541 520
1270 1545 648
1265 1549 561
1260 1552 751
1255 1556 718
1250 1560 677
1245 1564 546
1240 1568 561
1235 1572 678
1230 1576 528
1225 1580 563
1220 1584 735
1215 1587 706
1210 1591 508
1205 1595 768
1200 1599 579
1195 1603 619
1190 1606 723
1185 1610 677
1180 1614 692
1175 1618 553
1170 1621 678
1165 1625 753
1160 1629 795
1155 1632 671
1150 1636 575
1144 1639 604
1139 1643 762
1134 1647 532
1129 1650 519
1124 1654 631
1118 1657 535
1113 1661 568
1108 1664 668
1103 1668 610
1098 1671 734
1092 1675 570
1087 1678 578
1082 1681 665
1076 1685 545
1071 1688 679
1066 1692 575
1061 1695 527
1055 1698 687
1050 1701 663
1044 1705 537
1039 1708 666
1034 1711 534
1028 1715 583
1023 1718 675
1018 1721 584
1012 1724 555
1007 1727 656
1001 1731 599
996 1734 664
990 1737 693
985 1740 586
979 1743 733
974 1746 624
969 1749 647
963 1752 694
957 1755 730
952 1758 567
946 1761 665
941 1764 510
935 1767 582
930 1770 605
924 1773 614
919 1776 652
913 1779 741
907 1782 585
902 1784 791
896 1787 706
891 1790 660
885 1793 660
879 1796 512
874 1798 703
868 1801 630
862 1804 685
857 1806 700
851 1809 585
845 1812 567
840 1814 684
834 1817 688
828 1820 500
823 1822 786
817 1825 600
811 1827 695
805 1830 799
800 1833 702
794 1835 728
788 1837 783
782 1840 617
776 1842 536
771 1845 702
765 1847 689
759 1850 778
753 1852 525
747 1854 589
742 1857 622
736 1859 795
730 1861 605
724 1864 519
718 1866 591
712 1868 521
706 1870 574
701 1873 714
695 1875 762
689 1877 506
683 1879 783
677 1881 526
671 1883 519
665 1885 501
659 1888 730
653 1890 644
647 1892 675
641 1894 558
635 1896 562
629 1898 731
624 1900 736
618 1902 520
612 1904 708
606 1905 724
600 1907 747
594 1909 708
588 1911 611
582 1913 697
576 1915 600
570 1917 514
564 1918 696
557 1920 699
551 1922 545
545 1924 633
539 1925 662
533 1927 739
527 1929 754
521 1930 521
515 1932 586
509 1934 636
503 1935 610
497 1937 762
491 1938 673
485 1940 793
479 1941 735
472 1943 688
466 1944 771
460 1946 738
454 1947 721
448 1949 691
442 1950 513
436 1951 560
430 1953 757
424 1954 692
417 1955 543
411 1957 775
405 1958 568
399 1959 613
393 1960 515
387 1962 736
380 1963 591
374 1964 747
368 1965 769
362 1966 532
356 1968 534
350 1969 728
343 1970 543
337 1971 779
331 1972 606
325 1973 654
319 1974 707
312 1975 637
306 1976 703
300 1977 521
294 1978 747
288 1979 734
281 1980 649
275 1980 616
269 1981 759
263 1982 738
256 1983 550
250 1984 783
244 1985 586
238 1985 796
231 1986 785
225 1987 524
219 1987 622
213 1988 563
206 1989 681
200 1989 512
194 1990 751
188 1991 702
181 1991 595
175 1992 636
169 1992 554
163 1993 508
156 1993 780
150 1994 531
144 1994 730
138 1995 795
131 1995 614
125 1996 612
119 1996 536
113 1996 537
106 1997 509
100 1997 585
94 1997 519
87 1998 781
81 1998 610
75 1998 708
69 1998 709
62 1999 739
56 1999 767
50 1999 719
43 1999 566
37 1999 699
31 1999 620
25 1999 615
18 1999 577
12 1999 622
6 1999 642
0 2000 580
-6 1999 581
-12 1999 585
-18 1999 730
-25 1999 625
-31 1999 636
-37 1999 694
-43 1999 645
-50 1999 702
-56 1999 533
-62 1999 680
-69 1998 556
-75 1998 634
-81 1998 617
-87 1998 781
-94 1997 581
-100 1997 558
-106 1997 705
-113 1996 592
-119 1996 760
-125 1996 751
-131 1995 501
-138 1995 642
-144 1994 644
-150 1994 635
-156 1993 555
-163 1993 572
-169 1992 743
-175 1992 622
-181 1991 513
-188 1991 641
-194 1990 781
-200 1989 779
-206 1989 718
-213 1988 760
-219 1987 529
-225 1987 555
-231 1986 582
-238 1985 664
-244 1985 632
-250 1984 713
-256 1983 695
-263 1982 528
-269 1981 704
-275 1980 755
-281 1980 711
-288 1979 681
-294 1978 710
-300 1977 504
-306 1976 751
-312 1975 616
-319 1974 761
-325 1973 664
-331 1972 705
-337 1971 522
-343 1970 513
-350 1969 643
-356 1968 636
-362 1966 618
-368 1965 694
-374 1964 788
-380 1963 543
-387 1962 539
-393 1960 602
-399 1959 743
-405 1958 670
-411 1957 519
-417 1955 712
-424 1954 617
-430 1953 632
-436 1951 782
-442 1950 597
-448 1949 559
-454 1947 573
-460 1946 690
-466 1944 719
-472 1943 710
-479 1941 511
-485 1940 715
-491 1938 678
-497 1937 642
-503 1935 545
-509 1934 670
-515 1932 662
-521 1930 708
-527 1929 583
-533 1927 599
-539 1925 609
-545 1924 513
-551 1922 750
-557 1920 551
-564 1918 665
-570 1917 702
-576 1915 617
-582 1913 753
-588 1911 699
-594 1909 616
-600 1907 784
-606 1905 769
-612 1904 542
-618 1902 703
-624 1900 615
-629 1898 529
-635 1896 657
-641 1894 582
-647 1892 764
-653 1890 752
-659 1888 654
-665 1885 726
-671 1883 527
-677 1881 755
-683 1879 559
-689 1877 652
-695 1875 786
-701 1873 522
-706 1870 729
-712 1868 786
-718 1866 649
-724 1864 579
-730 1861 598
-736 1859 690
-742 1857 703
-747 1854 586
-753 1852 543
-759 1850 727
-765 1847 685
-771 1845 798
-776 1842 687
-782 1840 517
-788 1837 631
-794 1835 576
-800 1833 661
-805 1830 763
-811 1827 714
-817 1825 683
-823 1822 532
-828 1820 722
-834 1817 511
-840 1814 691
-845 1812 771
-851 1809 642
-857 1806 633
-862 1804 753
-868 1801 630
-874 1798 580
-879 1796 604
-885 1793 515
-891 1790 687
-896 1787 710
-902 1784 781
-907 1782 758
-913 1779 586
-919 1776 733
-924 1773 740
-930 1770 759
-935 1767 636
-941 1764 762
-946 1761 638
-952 1758 554
-957 1755 626
-963 1752 626
-969 1749 712
-974 1746 795
-979 1743 621
-985 1740 777
-990 1737 741
-996 1734 558
-1001 1731 554
-1007 1727 720
-1012 1724 797
-1018 1721 727
-1023 1718 551
-1028 1715 562
-1034 1711 632
-1039 1708 537
-1044 1705 604
-1050 1701 757
-1055 1698 705
-1061 1695 507
-1066 1692 643
-1071 1688 658
-1076 1685 539
-1082 1681 643
-1087 1678 697
-1092 1675 681
-1098 1671 665
-1103 1668 557
-1108 1664 505
-1113 1661 517
-1118 1657 612
-1124 1654 624
-1129 1650 784
-1134 1647 759
-1139 1643 599
-1144 1639 616
-1150 1636 640
-1155 1632 651
-1160 1629 646
-1165 1625 622
-1170 1621 593
-1175 1618 615
-1180 1614 549
-1185 1610 661
-1190 1606 649
-1195 1603 731
-1200 1599 596
-1205 1595 523
-1210 1591 696
-1215 1587 544
-1220 1584 650
-1225 1580 638
-1230 1576 531
-1235 1572 559
-1240 1568 735
-1245 1564 765
-1250 1560 701
-1255 1556 687
-1260 1552 737
-1265 1549 548
-1270 1545 520
-1274 1541 624
-1279 1537 594
-1284 1532 775
-1289 1528 603
-1294 1524 689
-1298 1520 586
-1303 1516 545
-1308 1512 743
-1313 1508 757
-1317 1504 532
-1322 1500 661
-1327 1496 578
-1332 1491 504
-1336 1487 602
-1341 1483 531
-1346 1479 720
-1350 1475 586
-1355 1470 530
-1359 1466 543
-1364 1462 667
-1369 1457 648
-1373 1453 544
-1378 1449 617
-1382 1444 749
-1387 1440 525
-1391 1436 573
-1396 1431 563
-1400 1427 716
-1405 1423 780
-1409 1418 648
-1414 1414 679
-1418 1409 557
-1423 1405 514
-1427 1400 505
-1431 1396 589
-1436 1391 707
-1440 1387 605
-1444 1382 727
-1449 1378 714
-1453 1373 515
-1457 1369 708
-1462 1364 697
-1466 1359 749
-1470 1355 795
-1475 1350 529
-1479 1346 626
-1483 1341 666
-1487 1336 598
-1491 1332 785
-1496 1327 562
-1500 1322 618
-1504 1317 753
-1508 1313 779
-1512 1308 603
-1516 1303 783
-1520 1298 523
-1524 1294 559
-1528 1289 521
-1532 1284 674
-1537 1279 534
-1541 1274 575
-1545 1270 702
-1549 1265 636
-1552 1260 779
-1556 1255 715
-1560 1250 750
-1564 1245 513
-1568 1240 650
-1572 1235 792
-1576 1230 648
-1580 1225 583
-1584 1220 781
-1587 1215 647
-1591 1210 508
-1595 1205 706
-1599 1200 778
-1603 1195 706
-1606 1190 667
-1610 1185 514
-1614 1180 510
-1618 1175 670
-1621 1170 558
-1625 1165 717
-1629 1160 746
-1632 1155 604
-1636 1150 556
-1639 1144 663
-1643 1139 737
-1647 1134 698
-1650 1129 634
-1654 1124 756
-1657 1118 608
-1661 1113 612
-1664 1108 613
-1668 1103 580
-1671 1098 724
-1675 1092 604
-1678 1087 613
-1681 1082 573
-1685 1076 662
-1688 1071 779
-1692 1066 577
-1695 1061 569
-1698 1055 547
-1701 1050 631
-1705 1044 653
-1708 1039 733
-1711 1034 639
-1715 1028 720
-1718 1023 694
-1721 1018 697
-1724 1012 524
-1727 1007 671
-1731 1001 558
-1734 996 720
-1737 990 548
-1740 985 618
-1743 979 501
-1746 974 517
-1749 969 592
-1752 963 513
-1755 957 780
-1758 952 556
-1761 946 640
-1764 941 794
-1767 935 768
-1770 930 670
-1773 924 663
-1776 919 549
-1779 913 534
-1782 907 525
-1784 902 571
-1787 896 591
-1790 891 550
-1793 885 517
-1796 879 510
-1798 874 754
-1801 868 625
-1804 862 701
-1806 857 694
-1809 851 592
-1812 845 534
-1814 840 570
-1817 834 746
-1820 828 787
-1822 823 721
-1825 817 565
-1827 811 689
-1830 805 771
-1833 800 665
-1835 794 660
-1837 788 510
-1840 782 575
-1842 776 609
-1845 771 794
-1847 765 523
-1850 759 734
-1852 753 574
-1854 747 614
-1857 742 694
-1859 736 523
-1861 730 675
-1864 724 677
-1866 718 657
-1868 712 527
-1870 706 622
-1873 701 574
-1875 695 672
-1877 689 739
-1879 683 539
-1881 677 583
-1883 671 517
-1885 665 730
-1888 659 790
-1890 653 606
-1892 647 596
-1894 641 612
-1896 635 795
-1898 629 538
-1900 624 616
-1902 618 521
-1904 612 584
-1905 606 727
-1907 600 778
-1909 594 560
-1911 588 572
-1913 582 587
-1915 576 635
-1917 570 581
-1918 564 626
-1920 557 794
-1922 551 530
-1924 545 595
-1925 539 758
-1927 533 719
-1929 527 712
-1930 521 643
-1932 515 612
-1934 509 706
-1935 503 628
-1937 497 693
-1938 491 526
-1940 485 626
-1941 479 726
-1943 472 633
-1944 466 681
-1946 460 596
-1947 454 592
-1949 448 661
-1950 442 709
-1951 436 677
-1953 430 524
-1954 424 522
-1955 417 740
-1957 411 652
-1958 405 515
-1959 399 580
-1960 393 592
-1962 387 551
-1963 380 752
-1964 374 773
-1965 368 577
-1966 362 517
-1968 356 526
-1969 350 765
-1970 343 561
-1971 337 739
-1972 331 549
-1973 325 507
-1974 319 719
-1975 312 530
-1976 306 676
-1977 300 525
-1978 294 581
-1979 288 527
-1980 281 659
-1980 275 797
-1981 269 693
-1982 263 725
-1983 256 629
-1984 250 622
-1985 244 748
-1985 238 553
-1986 231 579
-1987 225 668
-1987 219 527
-1988 213 624
-1989 206 731
-1989 200 777
-1990 194 506
-1991 188 500
-1991 181 672
-1992 175 701
-1992 169 730
-1993 163 598
-1993 156 777
-1994 150 549
-1994 144 594
-1995 138 527
-1995 131 552
-1996 125 659
-1996 119 677
-1996 113 670
-1997 106 651
-1997 100 724
-1997 94 784
-1998 87 620
-1998 81 615
-1998 75 519
-1998 69 577
-1999 62 595
-1999 56 595
-1999 50 664
-1999 43 500
-1999 37 618
-1999 31 617
-1999 25 723
-1999 18 617
-1999 12 554
-1999 6 768
