2000
0 0 2000
0 1 2000
0 2 2000
0 3 2000
0 4 2000
0 5 2000
0 6 2000
0 7 2000
0 8 2000
0 9 2000
0 10 2000
0 11 2000
0 12 2000
0 13 2000
0 14 2000
0 15 2000
0 16 2000
0 17 2000
0 18 2000
0 19 2000
0 20 2000
0 21 2000
0 22 2000
0 23 2000
0 24 2000
0 25 2000
0 26 2000
0 27 2000
0 28 2000
0 29 2000
0 30 2000
0 31 2000
0 32 2000
0 33 2000
0 34 2000
0 35 2000
0 36 2000
0 37 2000
0 38 2000
0 39 2000
0 40 2000
0 41 2000
0 42 2000
0 43 2000
0 44 2000
0 45 2000
0 46 2000
0 47 2000
0 48 2000
0 49 2000
1 0 2000
1 1 2000
1 2 2000
1 3 2000
1 4 2000
1 5 2000
1 6 2000
1 7 2000
1 8 2000
1 9 2000
1 10 2000
1 11 2000
1 12 2000
1 13 2000
1 14 2000
1 15 2000
1 16 2000
1 17 2000
1 18 2000
1 19 2000
1 20 2000
1 21 2000
1 22 2000
1 23 2000
1 24 2000
1 25 2000
1 26 2000
1 27 2000
1 28 2000
1 29 2000
1 30 2000
1 31 2000
1 32 2000
1 33 2000
1 34 2000
1 35 2000
1 36 2000
1 37 2000
1 38 2000
1 39 2000
1 40 2000
1 41 2000
1 42 2000
1 43 2000
1 44 2000
1 45 2000
1 46 2000
1 47 2000
1 48 2000
1 49 2000
2 0 2000
2 1 2000
2 2 2000
2 3 2000
2 4 2000
2 5 2000
2 6 2000
2 7 2000
2 8 2000
2 9 2000
2 10 2000
2 11 2000
2 12 2000
2 13 2000
2 14 2000
2 15 2000
2 16 2000
2 17 2000
2 18 2000
2 19 2000
2 20 2000
2 21 2000
2 22 2000
2 23 2000
2 24 2000
2 25 2000
2 26 2000
2 27 2000
2 28 2000
2 29 2000
2 30 2000
2 31 2000
2 32 2000
2 33 2000
2 34 2000
2 35 2000
2 36 2000
2 37 2000
2 38 2000
2 39 2000
2 40 2000
2 41 2000
2 42 2000
2 43 2000
2 44 2000
2 45 2000
2 46 2000
2 47 2000
2 48 2000
2 49 2000
3 0 2000
3 1 2000
3 2 2000
3 3 2000
3 4 2000
3 5 2000
3 6 2000
3 7 2000
3 8 2000
3 9 2000
3 10 2000
3 11 2000
3 12 2000
3 13 2000
3 14 2000
3 15 2000
3 16 2000
3 17 2000
3 18 2000
3 19 2000
3 20 2000
3 21 2000
3 22 2000
3 23 2000
3 24 2000
3 25 2000
3 26 2000
3 27 2000
3 28 2000
3 29 2000
3 30 2000
3 31 2000
3 32 2000
3 33 2000
3 34 2000
3 35 2000
3 36 2000
3 37 2000
3 38 2000
3 39 2000
3 40 2000
3 41 2000
3 42 2000
3 43 2000
3 44 2000
3 45 2000
3 46 2000
3 47 2000
3 48 2000
3 49 2000
4 0 2000
4 1 2000
4 2 2000
4 3 2000
4 4 2000
4 5 2000
4 6 2000
4 7 2000
4 8 2000
4 9 2000
4 10 2000
4 11 2000
4 12 2000
4 13 2000
4 14 2000
4 15 2000
4 16 2000
4 17 2000
4 18 2000
4 19 2000
4 20 2000
4 21 2000
4 22 2000
4 23 2000
4 24 2000
4 25 2000
4 26 2000
4 27 2000
4 28 2000
4 29 2000
4 30 2000
4 31 2000
4 32 2000
4 33 2000
4 34 2000
4 35 2000
4 36 2000
4 37 2000
4 38 2000
4 39 2000
4 40 2000
4 41 2000
4 42 2000
4 43 2000
4 44 2000
4 45 2000
4 46 2000
4 47 2000
4 48 2000
4 49 2000
5 0 2000
5 1 2000
5 2 2000
5 3 2000
5 4 2000
5 5 2000
5 6 2000
5 7 2000
5 8 2000
5 9 2000
5 10 2000
5 11 2000
5 12 2000
5 13 2000
5 14 2000
5 15 2000
5 16 2000
5 17 2000
5 18 2000
5 19 2000
5 20 2000
5 21 2000
5 22 2000
5 23 2000
5 24 2000
5 25 2000
5 26 2000
5 27 2000
5 28 2000
5 29 2000
5 30 2000
5 31 2000
5 32 2000
5 33 2000
5 34 2000
5 35 2000
5 36 2000
5 37 2000
5 38 2000
5 39 2000
5 40 2000
5 41 2000
5 42 2000
5 43 2000
5 44 2000
5 45 2000
5 46 2000
5 47 2000
5 48 2000
5 49 2000
6 0 2000
6 1 2000
6 2 2000
6 3 2000
6 4 2000
6 5 2000
6 6 2000
6 7 2000
6 8 2000
6 9 2000
6 10 2000
6 11 2000
6 12 2000
6 13 2000
6 14 2000
6 15 2000
6 16 2000
6 17 2000
6 18 2000
6 19 2000
6 20 2000
6 21 2000
6 22 2000
6 23 2000
6 24 2000
6 25 2000
6 26 2000
6 27 2000
6 28 2000
6 29 2000
6 30 2000
6 31 2000
6 32 2000
6 33 2000
6 34 2000
6 35 2000
6 36 2000
6 37 2000
6 38 2000
6 39 2000
6 40 2000
6 41 2000
6 42 2000
6 43 2000
6 44 2000
6 45 2000
6 46 2000
6 47 2000
6 48 2000
6 49 2000
7 0 2000
7 1 2000
7 2 2000
7 3 2000
7 4 2000
7 5 2000
7 6 2000
7 7 2000
7 8 2000
7 9 2000
7 10 2000
7 11 2000
7 12 2000
7 13 2000
7 14 2000
7 15 2000
7 16 2000
7 17 2000
7 18 2000
7 19 2000
7 20 2000
7 21 2000
7 22 2000
7 23 2000
7 24 2000
7 25 2000
7 26 2000
7 27 2000
7 28 2000
7 29 2000
7 30 2000
7 31 2000
7 32 2000
7 33 2000
7 34 2000
7 35 2000
7 36 2000
7 37 2000
7 38 2000
7 39 2000
7 40 2000
7 41 2000
7 42 2000
7 43 2000
7 44 2000
7 45 2000
7 46 2000
7 47 2000
7 48 2000
7 49 2000
8 0 2000
8 1 2000
8 2 2000
8 3 2000
8 4 2000
8 5 2000
8 6 2000
8 7 2000
8 8 2000
8 9 2000
8 10 2000
8 11 2000
8 12 2000
8 13 2000
8 14 2000
8 15 2000
8 16 2000
8 17 2000
8 18 2000
8 19 2000
8 20 2000
8 21 2000
8 22 2000
8 23 2000
8 24 2000
8 25 2000
8 26 2000
8 27 2000
8 28 2000
8 29 2000
8 30 2000
8 31 2000
8 32 2000
8 33 2000
8 34 2000
8 35 2000
8 36 2000
8 37 2000
8 38 2000
8 39 2000
8 40 2000
8 41 2000
8 42 2000
8 43 2000
8 44 2000
8 45 2000
8 46 2000
8 47 2000
8 48 2000
8 49 2000
9 0 2000
9 1 2000
9 2 2000
9 3 2000
9 4 2000
9 5 2000
9 6 2000
9 7 2000
9 8 2000
9 9 2000
9 10 2000
9 11 2000
9 12 2000
9 13 2000
9 14 2000
9 15 2000
9 16 2000
9 17 2000
9 18 2000
9 19 2000
9 20 2000
9 21 2000
9 22 2000
9 23 2000
9 24 2000
9 25 2000
9 26 2000
9 27 2000
9 28 2000
9 29 2000
9 30 2000
9 31 2000
9 32 2000
9 33 2000
9 34 2000
9 35 2000
9 36 2000
9 37 2000
9 38 2000
9 39 2000
9 40 2000
9 41 2000
9 42 2000
9 43 2000
9 44 2000
9 45 2000
9 46 2000
9 47 2000
9 48 2000
9 49 2000
10 0 2000
10 1 2000
10 2 2000
10 3 2000
10 4 2000
10 5 2000
10 6 2000
10 7 2000
10 8 2000
10 9 2000
10 10 2000
10 11 2000
10 12 2000
10 13 2000
10 14 2000
10 15 2000
10 16 2000
10 17 2000
10 18 2000
10 19 2000
10 20 2000
10 21 2000
10 22 2000
10 23 2000
10 24 2000
10 25 2000
10 26 2000
10 27 2000
10 28 2000
10 29 2000
10 30 2000
10 31 2000
10 32 2000
10 33 2000
10 34 2000
10 35 2000
10 36 2000
10 37 2000
10 38 2000
10 39 2000
10 40 2000
10 41 2000
10 42 2000
10 43 2000
10 44 2000
10 45 2000
10 46 2000
10 47 2000
10 48 2000
10 49 2000
11 0 2000
11 1 2000
11 2 2000
11 3 2000
11 4 2000
11 5 2000
11 6 2000
11 7 2000
11 8 2000
11 9 2000
11 10 2000
11 11 2000
11 12 2000
11 13 2000
11 14 2000
11 15 2000
11 16 2000
11 17 2000
11 18 2000
11 19 2000
11 20 2000
11 21 2000
11 22 2000
11 23 2000
11 24 2000
11 25 2000
11 26 2000
11 27 2000
11 28 2000
11 29 2000
11 30 2000
11 31 2000
11 32 2000
11 33 2000
11 34 2000
11 35 2000
11 36 2000
11 37 2000
11 38 2000
11 39 2000
11 40 2000
11 41 2000
11 42 2000
11 43 2000
11 44 2000
11 45 2000
11 46 2000
11 47 2000
11 48 2000
11 49 2000
12 0 2000
12 1 2000
12 2 2000
12 3 2000
12 4 2000
12 5 2000
12 6 2000
12 7 2000
12 8 2000
12 9 2000
12 10 2000
12 11 2000
12 12 2000
12 13 2000
12 14 2000
12 15 2000
12 16 2000
12 17 2000
12 18 2000
12 19 2000
12 20 2000
12 21 2000
12 22 2000
12 23 2000
12 24 2000
12 25 2000
12 26 2000
12 27 2000
12 28 2000
12 29 2000
12 30 2000
12 31 2000
12 32 2000
12 33 2000
12 34 2000
12 35 2000
12 36 2000
12 37 2000
12 38 2000
12 39 2000
12 40 2000
12 41 2000
12 42 2000
12 43 2000
12 44 2000
12 45 2000
12 46 2000
12 47 2000
12 48 2000
12 49 2000
13 0 2000
13 1 2000
13 2 2000
13 3 2000
13 4 2000
13 5 2000
13 6 2000
13 7 2000
13 8 2000
13 9 2000
13 10 2000
13 11 2000
13 12 2000
13 13 2000
13 14 2000
13 15 2000
13 16 2000
13 17 2000
13 18 2000
13 19 2000
13 20 2000
13 21 2000
13 22 2000
13 23 2000
13 24 2000
13 25 2000
13 26 2000
13 27 2000
13 28 2000
13 29 2000
13 30 2000
13 31 2000
13 32 2000
13 33 2000
13 34 2000
13 35 2000
13 36 2000
13 37 2000
13 38 2000
13 39 2000
13 40 2000
13 41 2000
13 42 2000
13 43 2000
13 44 2000
13 45 2000
13 46 2000
13 47 2000
13 48 2000
13 49 2000
14 0 2000
14 1 2000
14 2 2000
14 3 2000
14 4 2000
14 5 2000
14 6 2000
14 7 2000
14 8 2000
14 9 2000
14 10 2000
14 11 2000
14 12 2000
14 13 2000
14 14 2000
14 15 2000
14 16 2000
14 17 2000
14 18 2000
14 19 2000
14 20 2000
14 21 2000
14 22 2000
14 23 2000
14 24 2000
14 25 2000
14 26 2000
14 27 2000
14 28 2000
14 29 2000
14 30 2000
14 31 2000
14 32 2000
14 33 2000
14 34 2000
14 35 2000
14 36 2000
14 37 2000
14 38 2000
14 39 2000
14 40 2000
14 41 2000
14 42 2000
14 43 2000
14 44 2000
14 45 2000
14 46 2000
14 47 2000
14 48 2000
14 49 2000
15 0 2000
15 1 2000
15 2 2000
15 3 2000
15 4 2000
15 5 2000
15 6 2000
15 7 2000
15 8 2000
15 9 2000
15 10 2000
15 11 2000
15 12 2000
15 13 2000
15 14 2000
15 15 2000
15 16 2000
15 17 2000
15 18 2000
15 19 2000
15 20 2000
15 21 2000
15 22 2000
15 23 2000
15 24 2000
15 25 2000
15 26 2000
15 27 2000
15 28 2000
15 29 2000
15 30 2000
15 31 2000
15 32 2000
15 33 2000
15 34 2000
15 35 2000
15 36 2000
15 37 2000
15 38 2000
15 39 2000
15 40 2000
15 41 2000
15 42 2000
15 43 2000
15 44 2000
15 45 2000
15 46 2000
15 47 2000
15 48 2000
15 49 2000
16 0 2000
16 1 2000
16 2 2000
16 3 2000
16 4 2000
16 5 2000
16 6 2000
16 7 2000
16 8 2000
16 9 2000
16 10 2000
16 11 2000
16 12 2000
16 13 2000
16 14 2000
16 15 2000
16 16 2000
16 17 2000
16 18 2000
16 19 2000
16 20 2000
16 21 2000
16 22 2000
16 23 2000
16 24 2000
16 25 2000
16 26 2000
16 27 2000
16 28 2000
16 29 2000
16 30 2000
16 31 2000
16 32 2000
16 33 2000
16 34 2000
16 35 2000
16 36 2000
16 37 2000
16 38 2000
16 39 2000
16 40 2000
16 41 2000
16 42 2000
16 43 2000
16 44 2000
16 45 2000
16 46 2000
16 47 2000
16 48 2000
16 49 2000
17 0 2000
17 1 2000
17 2 2000
17 3 2000
17 4 2000
17 5 2000
17 6 2000
17 7 2000
17 8 2000
17 9 2000
17 10 2000
17 11 2000
17 12 2000
17 13 2000
17 14 2000
17 15 2000
17 16 2000
17 17 2000
17 18 2000
17 19 2000
17 20 2000
17 21 2000
17 22 2000
17 23 2000
17 24 2000
17 25 2000
17 26 2000
17 27 2000
17 28 2000
17 29 2000
17 30 2000
17 31 2000
17 32 2000
17 33 2000
17 34 2000
17 35 2000
17 36 2000
17 37 2000
17 38 2000
17 39 2000
17 40 2000
17 41 2000
17 42 2000
17 43 2000
17 44 2000
17 45 2000
17 46 2000
17 47 2000
17 48 2000
17 49 2000
18 0 2000
18 1 2000
18 2 2000
18 3 2000
18 4 2000
18 5 2000
18 6 2000
18 7 2000
18 8 2000
18 9 2000
18 10 2000
18 11 2000
18 12 2000
18 13 2000
18 14 2000
18 15 2000
18 16 2000
18 17 2000
18 18 2000
18 19 2000
18 20 2000
18 21 2000
18 22 2000
18 23 2000
18 24 2000
18 25 2000
18 26 2000
18 27 2000
18 28 2000
18 29 2000
18 30 2000
18 31 2000
18 32 2000
18 33 2000
18 34 2000
18 35 2000
18 36 2000
18 37 2000
18 38 2000
18 39 2000
18 40 2000
18 41 2000
18 42 2000
18 43 2000
18 44 2000
18 45 2000
18 46 2000
18 47 2000
18 48 2000
18 49 2000
19 0 2000
19 1 2000
19 2 2000
19 3 2000
19 4 2000
19 5 2000
19 6 2000
19 7 2000
19 8 2000
19 9 2000
19 10 2000
19 11 2000
19 12 2000
19 13 2000
19 14 2000
19 15 2000
19 16 2000
19 17 2000
19 18 2000
19 19 2000
19 20 2000
19 21 2000
19 22 2000
19 23 2000
19 24 2000
19 25 2000
19 26 2000
19 27 2000
19 28 2000
19 29 2000
19 30 2000
19 31 2000
19 32 2000
19 33 2000
19 34 2000
19 35 2000
19 36 2000
19 37 2000
19 38 2000
19 39 2000
19 40 2000
19 41 2000
19 42 2000
19 43 2000
19 44 2000
19 45 2000
19 46 2000
19 47 2000
19 48 2000
19 49 2000
20 0 2000
20 1 2000
20 2 2000
20 3 2000
20 4 2000
20 5 2000
20 6 2000
20 7 2000
20 8 2000
20 9 2000
20 10 2000
20 11 2000
20 12 2000
20 13 2000
20 14 2000
20 15 2000
20 16 2000
20 17 2000
20 18 2000
20 19 2000
20 20 2000
20 21 2000
20 22 2000
20 23 2000
20 24 2000
20 25 2000
20 26 2000
20 27 2000
20 28 2000
20 29 2000
20 30 2000
20 31 2000
20 32 2000
20 33 2000
20 34 2000
20 35 2000
20 36 2000
20 37 2000
20 38 2000
20 39 2000
20 40 2000
20 41 2000
20 42 2000
20 43 2000
20 44 2000
20 45 2000
20 46 2000
20 47 2000
20 48 2000
20 49 2000
21 0 2000
21 1 2000
21 2 2000
21 3 2000
21 4 2000
21 5 2000
21 6 2000
21 7 2000
21 8 2000
21 9 2000
21 10 2000
21 11 2000
21 12 2000
21 13 2000
21 14 2000
21 15 2000
21 16 2000
21 17 2000
21 18 2000
21 19 2000
21 20 2000
21 21 2000
21 22 2000
21 23 2000
21 24 2000
21 25 2000
21 26 2000
21 27 2000
21 28 2000
21 29 2000
21 30 2000
21 31 2000
21 32 2000
21 33 2000
21 34 2000
21 35 2000
21 36 2000
21 37 2000
21 38 2000
21 39 2000
21 40 2000
21 41 2000
21 42 2000
21 43 2000
21 44 2000
21 45 2000
21 46 2000
21 47 2000
21 48 2000
21 49 2000
22 0 2000
22 1 2000
22 2 2000
22 3 2000
22 4 2000
22 5 2000
22 6 2000
22 7 2000
22 8 2000
22 9 2000
22 10 2000
22 11 2000
22 12 2000
22 13 2000
22 14 2000
22 15 2000
22 16 2000
22 17 2000
22 18 2000
22 19 2000
22 20 2000
22 21 2000
22 22 2000
22 23 2000
22 24 2000
22 25 2000
22 26 2000
22 27 2000
22 28 2000
22 29 2000
22 30 2000
22 31 2000
22 32 2000
22 33 2000
22 34 2000
22 35 2000
22 36 2000
22 37 2000
22 38 2000
22 39 2000
22 40 2000
22 41 2000
22 42 2000
22 43 2000
22 44 2000
22 45 2000
22 46 2000
22 47 2000
22 48 2000
22 49 2000
23 0 2000
23 1 2000
23 2 2000
23 3 2000
23 4 2000
23 5 2000
23 6 2000
23 7 2000
23 8 2000
23 9 2000
23 10 2000
23 11 2000
23 12 2000
23 13 2000
23 14 2000
23 15 2000
23 16 2000
23 17 2000
23 18 2000
23 19 2000
23 20 2000
23 21 2000
23 22 2000
23 23 2000
23 24 2000
23 25 2000
23 26 2000
23 27 2000
23 28 2000
23 29 2000
23 30 2000
23 31 2000
23 32 2000
23 33 2000
23 34 2000
23 35 2000
23 36 2000
23 37 2000
23 38 2000
23 39 2000
23 40 2000
23 41 2000
23 42 2000
23 43 2000
23 44 2000
23 45 2000
23 46 2000
23 47 2000
23 48 2000
23 49 2000
24 0 2000
24 1 2000
24 2 2000
24 3 2000
24 4 2000
24 5 2000
24 6 2000
24 7 2000
24 8 2000
24 9 2000
24 10 2000
24 11 2000
24 12 2000
24 13 2000
24 14 2000
24 15 2000
24 16 2000
24 17 2000
24 18 2000
24 19 2000
24 20 2000
24 21 2000
24 22 2000
24 23 2000
24 24 2000
24 25 2000
24 26 2000
24 27 2000
24 28 2000
24 29 2000
24 30 2000
24 31 2000
24 32 2000
24 33 2000
24 34 2000
24 35 2000
24 36 2000
24 37 2000
24 38 2000
24 39 2000
24 40 2000
24 41 2000
24 42 2000
24 43 2000
24 44 2000
24 45 2000
24 46 2000
24 47 2000
24 48 2000
24 49 2000
25 0 2000
25 1 2000
25 2 2000
25 3 2000
25 4 2000
25 5 2000
25 6 2000
25 7 2000
25 8 2000
25 9 2000
25 10 2000
25 11 2000
25 12 2000
25 13 2000
25 14 2000
25 15 2000
25 16 2000
25 17 2000
25 18 2000
25 19 2000
25 20 2000
25 21 2000
25 22 2000
25 23 2000
25 24 2000
25 25 2000
25 26 2000
25 27 2000
25 28 2000
25 29 2000
25 30 2000
25 31 2000
25 32 2000
25 33 2000
25 34 2000
25 35 2000
25 36 2000
25 37 2000
25 38 2000
25 39 2000
25 40 2000
25 41 2000
25 42 2000
25 43 2000
25 44 2000
25 45 2000
25 46 2000
25 47 2000
25 48 2000
25 49 2000
26 0 2000
26 1 2000
26 2 2000
26 3 2000
26 4 2000
26 5 2000
26 6 2000
26 7 2000
26 8 2000
26 9 2000
26 10 2000
26 11 2000
26 12 2000
26 13 2000
26 14 2000
26 15 2000
26 16 2000
26 17 2000
26 18 2000
26 19 2000
26 20 2000
26 21 2000
26 22 2000
26 23 2000
26 24 2000
26 25 2000
26 26 2000
26 27 2000
26 28 2000
26 29 2000
26 30 2000
26 31 2000
26 32 2000
26 33 2000
26 34 2000
26 35 2000
26 36 2000
26 37 2000
26 38 2000
26 39 2000
26 40 2000
26 41 2000
26 42 2000
26 43 2000
26 44 2000
26 45 2000
26 46 2000
26 47 2000
26 48 2000
26 49 2000
27 0 2000
27 1 2000
27 2 2000
27 3 2000
27 4 2000
27 5 2000
27 6 2000
27 7 2000
27 8 2000
27 9 2000
27 10 2000
27 11 2000
27 12 2000
27 13 2000
27 14 2000
27 15 2000
27 16 2000
27 17 2000
27 18 2000
27 19 2000
27 20 2000
27 21 2000
27 22 2000
27 23 2000
27 24 2000
27 25 2000
27 26 2000
27 27 2000
27 28 2000
27 29 2000
27 30 2000
27 31 2000
27 32 2000
27 33 2000
27 34 2000
27 35 2000
27 36 2000
27 37 2000
27 38 2000
27 39 2000
27 40 2000
27 41 2000
27 42 2000
27 43 2000
27 44 2000
27 45 2000
27 46 2000
27 47 2000
27 48 2000
27 49 2000
28 0 2000
28 1 2000
28 2 2000
28 3 2000
28 4 2000
28 5 2000
28 6 2000
28 7 2000
28 8 2000
28 9 2000
28 10 2000
28 11 2000
28 12 2000
28 13 2000
28 14 2000
28 15 2000
28 16 2000
28 17 2000
28 18 2000
28 19 2000
28 20 2000
28 21 2000
28 22 2000
28 23 2000
28 24 2000
28 25 2000
28 26 2000
28 27 2000
28 28 2000
28 29 2000
28 30 2000
28 31 2000
28 32 2000
28 33 2000
28 34 2000
28 35 2000
28 36 2000
28 37 2000
28 38 2000
28 39 2000
28 40 2000
28 41 2000
28 42 2000
28 43 2000
28 44 2000
28 45 2000
28 46 2000
28 47 2000
28 48 2000
28 49 2000
29 0 2000
29 1 2000
29 2 2000
29 3 2000
29 4 2000
29 5 2000
29 6 2000
29 7 2000
29 8 2000
29 9 2000
29 10 2000
29 11 2000
29 12 2000
29 13 2000
29 14 2000
29 15 2000
29 16 2000
29 17 2000
29 18 2000
29 19 2000
29 20 2000
29 21 2000
29 22 2000
29 23 2000
29 24 2000
29 25 2000
29 26 2000
29 27 2000
29 28 2000
29 29 2000
29 30 2000
29 31 2000
29 32 2000
29 33 2000
29 34 2000
29 35 2000
29 36 2000
29 37 2000
29 38 2000
29 39 2000
29 40 2000
29 41 2000
29 42 2000
29 43 2000
29 44 2000
29 45 2000
29 46 2000
29 47 2000
29 48 2000
29 49 2000
30 0 2000
30 1 2000
30 2 2000
30 3 2000
30 4 2000
30 5 2000
30 6 2000
30 7 2000
30 8 2000
30 9 2000
30 10 2000
30 11 2000
30 12 2000
30 13 2000
30 14 2000
30 15 2000
30 16 2000
30 17 2000
30 18 2000
30 19 2000
30 20 2000
30 21 2000
30 22 2000
30 23 2000
30 24 2000
30 25 2000
30 26 2000
30 27 2000
30 28 2000
30 29 2000
30 30 2000
30 31 2000
30 32 2000
30 33 2000
30 34 2000
30 35 2000
30 36 2000
30 37 2000
30 38 2000
30 39 2000
30 40 2000
30 41 2000
30 42 2000
30 43 2000
30 44 2000
30 45 2000
30 46 2000
30 47 2000
30 48 2000
30 49 2000
31 0 2000
31 1 2000
31 2 2000
31 3 2000
31 4 2000
31 5 2000
31 6 2000
31 7 2000
31 8 2000
31 9 2000
31 10 2000
31 11 2000
31 12 2000
31 13 2000
31 14 2000
31 15 2000
31 16 2000
31 17 2000
31 18 2000
31 19 2000
31 20 2000
31 21 2000
31 22 2000
31 23 2000
31 24 2000
31 25 2000
31 26 2000
31 27 2000
31 28 2000
31 29 2000
31 30 2000
31 31 2000
31 32 2000
31 33 2000
31 34 2000
31 35 2000
31 36 2000
31 37 2000
31 38 2000
31 39 2000
31 40 2000
31 41 2000
31 42 2000
31 43 2000
31 44 2000
31 45 2000
31 46 2000
31 47 2000
31 48 2000
31 49 2000
32 0 2000
32 1 2000
32 2 2000
32 3 2000
32 4 2000
32 5 2000
32 6 2000
32 7 2000
32 8 2000
32 9 2000
32 10 2000
32 11 2000
32 12 2000
32 13 2000
32 14 2000
32 15 2000
32 16 2000
32 17 2000
32 18 2000
32 19 2000
32 20 2000
32 21 2000
32 22 2000
32 23 2000
32 24 2000
32 25 2000
32 26 2000
32 27 2000
32 28 2000
32 29 2000
32 30 2000
32 31 2000
32 32 2000
32 33 2000
32 34 2000
32 35 2000
32 36 2000
32 37 2000
32 38 2000
32 39 2000
32 40 2000
32 41 2000
32 42 2000
32 43 2000
32 44 2000
32 45 2000
32 46 2000
32 47 2000
32 48 2000
32 49 2000
33 0 2000
33 1 2000
33 2 2000
33 3 2000
33 4 2000
33 5 2000
33 6 2000
33 7 2000
33 8 2000
33 9 2000
33 10 2000
33 11 2000
33 12 2000
33 13 2000
33 14 2000
33 15 2000
33 16 2000
33 17 2000
33 18 2000
33 19 2000
33 20 2000
33 21 2000
33 22 2000
33 23 2000
33 24 2000
33 25 2000
33 26 2000
33 27 2000
33 28 2000
33 29 2000
33 30 2000
33 31 2000
33 32 2000
33 33 2000
33 34 2000
33 35 2000
33 36 2000
33 37 2000
33 38 2000
33 39 2000
33 40 2000
33 41 2000
33 42 2000
33 43 2000
33 44 2000
33 45 2000
33 46 2000
33 47 2000
33 48 2000
33 49 2000
34 0 2000
34 1 2000
34 2 2000
34 3 2000
34 4 2000
34 5 2000
34 6 2000
34 7 2000
34 8 2000
34 9 2000
34 10 2000
34 11 2000
34 12 2000
34 13 2000
34 14 2000
34 15 2000
34 16 2000
34 17 2000
34 18 2000
34 19 2000
34 20 2000
34 21 2000
34 22 2000
34 23 2000
34 24 2000
34 25 2000
34 26 2000
34 27 2000
34 28 2000
34 29 2000
34 30 2000
34 31 2000
34 32 2000
34 33 2000
34 34 2000
34 35 2000
34 36 2000
34 37 2000
34 38 2000
34 39 2000
34 40 2000
34 41 2000
34 42 2000
34 43 2000
34 44 2000
34 45 2000
34 46 2000
34 47 2000
34 48 2000
34 49 2000
35 0 2000
35 1 2000
35 2 2000
35 3 2000
35 4 2000
35 5 2000
35 6 2000
35 7 2000
35 8 2000
35 9 2000
35 10 2000
35 11 2000
35 12 2000
35 13 2000
35 14 2000
35 15 2000
35 16 2000
35 17 2000
35 18 2000
35 19 2000
35 20 2000
35 21 2000
35 22 2000
35 23 2000
35 24 2000
35 25 2000
35 26 2000
35 27 2000
35 28 2000
35 29 2000
35 30 2000
35 31 2000
35 32 2000
35 33 2000
35 34 2000
35 35 2000
35 36 2000
35 37 2000
35 38 2000
35 39 2000
35 40 2000
35 41 2000
35 42 2000
35 43 2000
35 44 2000
35 45 2000
35 46 2000
35 47 2000
35 48 2000
35 49 2000
36 0 2000
36 1 2000
36 2 2000
36 3 2000
36 4 2000
36 5 2000
36 6 2000
36 7 2000
36 8 2000
36 9 2000
36 10 2000
36 11 2000
36 12 2000
36 13 2000
36 14 2000
36 15 2000
36 16 2000
36 17 2000
36 18 2000
36 19 2000
36 20 2000
36 21 2000
36 22 2000
36 23 2000
36 24 2000
36 25 2000
36 26 2000
36 27 2000
36 28 2000
36 29 2000
36 30 2000
36 31 2000
36 32 2000
36 33 2000
36 34 2000
36 35 2000
36 36 2000
36 37 2000
36 38 2000
36 39 2000
36 40 2000
36 41 2000
36 42 2000
36 43 2000
36 44 2000
36 45 2000
36 46 2000
36 47 2000
36 48 2000
36 49 2000
37 0 2000
37 1 2000
37 2 2000
37 3 2000
37 4 2000
37 5 2000
37 6 2000
37 7 2000
37 8 2000
37 9 2000
37 10 2000
37 11 2000
37 12 2000
37 13 2000
37 14 2000
37 15 2000
37 16 2000
37 17 2000
37 18 2000
37 19 2000
37 20 2000
37 21 2000
37 22 2000
37 23 2000
37 24 2000
37 25 2000
37 26 2000
37 27 2000
37 28 2000
37 29 2000
37 30 2000
37 31 2000
37 32 2000
37 33 2000
37 34 2000
37 35 2000
37 36 2000
37 37 2000
37 38 2000
37 39 2000
37 40 2000
37 41 2000
37 42 2000
37 43 2000
37 44 2000
37 45 2000
37 46 2000
37 47 2000
37 48 2000
37 49 2000
38 0 2000
38 1 2000
38 2 2000
38 3 2000
38 4 2000
38 5 2000
38 6 2000
38 7 2000
38 8 2000
38 9 2000
38 10 2000
38 11 2000
38 12 2000
38 13 2000
38 14 2000
38 15 2000
38 16 2000
38 17 2000
38 18 2000
38 19 2000
38 20 2000
38 21 2000
38 22 2000
38 23 2000
38 24 2000
38 25 2000
38 26 2000
38 27 2000
38 28 2000
38 29 2000
38 30 2000
38 31 2000
38 32 2000
38 33 2000
38 34 2000
38 35 2000
38 36 2000
38 37 2000
38 38 2000
38 39 2000
38 40 2000
38 41 2000
38 42 2000
38 43 2000
38 44 2000
38 45 2000
38 46 2000
38 47 2000
38 48 2000
38 49 2000
39 0 2000
39 1 2000
39 2 2000
39 3 2000
39 4 2000
39 5 2000
39 6 2000
39 7 2000
39 8 2000
39 9 2000
39 10 2000
39 11 2000
39 12 2000
39 13 2000
39 14 2000
39 15 2000
39 16 2000
39 17 2000
39 18 2000
39 19 2000
39 20 2000
39 21 2000
39 22 2000
39 23 2000
39 24 2000
39 25 2000
39 26 2000
39 27 2000
39 28 2000
39 29 2000
39 30 2000
39 31 2000
39 32 2000
39 33 2000
39 34 2000
39 35 2000
39 36 2000
39 37 2000
39 38 2000
39 39 2000
39 40 2000
39 41 2000
39 42 2000
39 43 2000
39 44 2000
39 45 2000
39 46 2000
39 47 2000
39 48 2000
39 49 2000
