2000
-1937 497 693
1970 343 581
-1970 -343 790
1827 -811 500
163 1993 508
-399 -1959 649
-902 1784 781
1940 485 524
1165 -1625 591
-269 -1981 742
701 -1873 670
-1170 -1621 624
213 -1988 581
-6 1999 581
1369 -1457 511
1927 -533 723
-1668 1103 580
-1971 -337 768
-1935 -503 594
1749 969 548
1894 641 671
1274 -1541 511
-823 -1822 767
-1113 1661 517
-472 1943 710
-1875 -695 575
-1913 582 587
-1990 -194 526
1746 974 700
-1071 -1688 719
1431 1396 676
-1220 -1584 729
1215 -1587 535
-594 1909 616
1230 1576 528
907 -1782 679
1868 -712 685
442 1950 513
1998 -81 670
194 1990 751
-1572 1235 792
1758 952 616
1692 -1066 714
-1934 509 706
-1922 -551 698
1023 -1718 722
1911 588 568
479 1941 735
-1647 1134 698
-275 -1980 760
-1877 -689 745
1989 206 516
69 1998 709
1599 1200 627
-448 -1949 640
-1688 1071 779
-100 1997 558
479 -1941 727
-175 1992 622
862 1804 685
-1108 1664 505
-1614 -1180 795
891 -1790 739
-1205 -1595 547
-1066 -1692 737
1289 -1528 616
-834 1817 511
-1975 -312 601
-1827 811 689
924 -1773 607
1981 -269 799
-509 -1934 676
1953 430 731
1129 -1650 555
1883 671 628
1650 -1129 543
-1654 -1124 544
-1943 472 633
1124 1654 631
-1900 -624 797
1235 1572 678
1770 -930 510
-387 1962 539
188 1991 702
-1584 1220 781
1992 169 504
-924 1773 740
1920 -557 762
460 -1946 528
1541 1274 653
1790 891 546
-1740 -985 638
-1979 288 527
-1444 -1382 506
1743 -979 671
706 1870 574
624 -1900 515
1332 -1491 528
1962 -387 571
-454 -1947 551
1144 -1639 693
1767 -935 730
1966 -362 524
-1556 1255 715
-194 -1990 625
-730 1861 598
1355 1470 626
1139 1643 762
1972 -331 652
-1999 18 617
1918 564 528
430 -1953 689
-1118 1657 612
1988 213 599
1737 -990 775
1847 -765 562
1809 851 675
-1995 138 527
-1812 -845 601
913 1779 741
-1695 -1061 723
-1215 -1587 653
1752 963 672
1798 874 762
776 1842 536
-1284 1532 775
-753 1852 543
-1989 206 731
-1894 -641 637
509 1934 636
-1708 -1039 744
-1991 -181 735
497 1937 762
156 1993 780
-1279 -1537 650
-1661 -1113 723
-368 -1965 683
902 1784 791
1822 -823 661
1103 1668 610
-1883 671 517
1350 1475 568
-1932 515 612
1992 -169 667
-1934 -509 629
-1987 219 527
-885 1793 515
1050 1701 663
-1470 -1355 515
-1071 1688 658
-1820 -828 695
-1382 1444 749
-1761 -946 760
281 1980 649
1210 1591 508
-1989 200 777
-1987 -219 533
-150 -1994 745
1678 -1087 758
-1999 43 500
-794 1835 576
1922 551 560
-1997 -106 729
-1692 -1066 647
-1066 1692 643
-1857 -742 657
-1773 924 663
1414 1414 744
-75 -1998 504
-1749 969 592
-851 1809 642
-1938 -491 769
-1984 -250 567
-411 1957 519
-1937 -497 515
-695 1875 786
-1949 -448 735
1346 1479 706
-706 1870 729
-393 -1960 713
1061 -1695 539
990 -1737 577
-1629 -1160 511
-817 1825 683
570 1917 514
138 -1995 642
1170 -1621 598
-1475 -1350 507
1685 -1076 792
1999 -50 790
-736 -1859 773
-430 1953 632
1991 -188 551
256 -1983 620
-963 1752 626
-1457 -1369 580
-1382 -1444 631
1764 -941 579
-497 -1937 644
-1336 -1487 660
-1650 1129 634
-851 -1809 763
-150 1994 635
1639 -1144 762
-288 1979 681
-759 -1850 506
-1076 -1685 614
-1918 -564 523
1715 -1028 696
-1400 1427 716
-288 -1979 653
1870 -706 534
56 -1999 540
-1986 -231 549
-1988 213 624
1978 294 759
1845 771 712
472 -1943 734
1160 1629 795
-1920 -557 788
1721 -1018 701
1274 1541 520
1987 219 780
-25 1999 625
1913 582 566
576 -1915 710
-1440 -1387 563
-466 -1944 760
1999 -62 789
319 1974 707
-701 1873 522
-1793 885 517
163 -1993 524
1999 -56 746
-990 1737 741
356 -1968 520
1599 -1200 605
-1274 -1541 576
1496 -1327 650
1279 1537 798
-1391 -1436 749
1731 -1001 671
-1332 -1491 737
1990 -194 684
1999 -6 630
-1752 -963 623
1955 417 719
-1859 -736 560
-1695 1061 569
1971 -337 781
1327 -1496 533
1061 1695 527
862 -1804 619
-1907 600 778
1528 1289 625
1359 1466 629
1552 1260 600
-1018 -1721 689
-1999 6 768
1980 -281 687
-1537 1279 534
-1245 1564 765
1787 896 773
1440 1387 674
-828 -1820 519
-380 -1963 625
0 2000 580
1930 -521 713
-1854 -747 794
-1737 990 548
1784 -902 582
1934 509 562
1749 -969 593
1230 -1576 752
-1985 -238 779
485 -1940 740
368 1965 769
851 1809 585
677 1881 526
-1999 12 554
629 1898 731
-946 -1761 746
31 1999 620
1018 1721 584
1387 -1440 590
-1532 1284 674
1804 -862 596
-1905 606 727
1922 -551 663
-436 -1951 551
-545 1924 513
-862 1804 753
1947 454 570
1621 1170 763
368 -1965 791
-1108 -1664 676
665 -1885 625
-1734 996 720
472 1943 688
1711 1034 572
671 1883 519
-1050 -1701 720
1937 -497 778
-800 -1833 503
-1825 -817 567
-1987 225 668
300 -1977 625
-238 1985 664
-1708 1039 733
-1414 -1414 644
1966 362 551
-683 1879 559
-144 1994 644
974 1746 624
-1545 -1270 725
-62 1999 680
-156 -1993 774
-1061 -1695 733
1892 647 741
-1817 -834 612
1284 1532 783
-1298 -1520 797
405 -1958 618
-1076 1685 539
-1373 -1453 714
1852 -753 510
1270 1545 648
1782 907 784
1470 -1355 759
380 -1963 658
-238 -1985 610
356 1968 534
-1678 -1087 539
-1308 -1512 556
156 -1993 615
-1837 788 510
1975 -312 659
1364 1462 508
-913 -1779 557
-570 -1917 740
-1364 -1462 675
-1092 -1675 757
399 1959 613
1932 -515 761
1303 1516 637
-647 1892 764
1932 515 661
-1927 -533 605
-1235 -1572 778
-935 -1767 538
1946 -460 586
-941 1764 762
-1915 576 635
1999 -25 612
-1852 753 574
-188 -1991 541
-1396 1431 563
1837 788 653
-930 -1770 500
-612 -1904 642
-747 1854 586
-1240 1568 735
-43 1999 645
-1431 -1396 676
-312 -1975 590
-1512 -1308 731
350 1969 728
-1801 868 625
1984 250 700
1636 -1150 689
-1150 1636 640
1817 834 560
1055 1698 687
-1346 1479 720
1661 -1113 535
-1932 -515 501
-411 -1957 618
1999 -18 681
1235 -1572 786
1833 -800 578
1657 1118 615
-319 -1974 711
-588 -1911 579
-990 -1737 500
-1541 1274 575
753 1852 525
-256 1983 695
-1950 -442 681
-343 -1970 650
521 -1930 748
1806 -857 647
979 1743 733
-1545 1270 702
-1279 1537 594
-1915 -576 582
-834 -1817 543
319 -1974 749
1999 12 728
-1830 805 771
-188 1991 641
-823 1822 532
-1289 -1528 704
-1606 -1190 796
1639 1144 760
-1873 -701 635
-1868 712 527
736 1859 795
-1980 -275 685
1727 -1007 528
1977 300 578
-1317 -1504 725
-1962 -387 749
1541 -1274 548
-1294 1524 689
1034 -1711 617
-1924 545 595
564 1918 696
-868 -1801 785
1457 -1369 732
1001 1731 599
-1274 1541 624
1688 -1071 516
1885 -665 783
1591 -1210 610
1987 225 718
1951 -436 776
1568 -1240 521
-1639 1144 663
-1917 -570 505
-913 1779 586
1724 1012 543
-1405 1423 780
-782 -1840 548
1994 -150 627
454 1947 721
-919 1776 733
-1414 1414 679
1313 -1508 636
-1992 169 730
1444 1382 770
1487 -1336 610
-1892 -647 658
188 -1991 603
-1996 -119 612
1698 1055 586
1992 -175 666
1483 -1341 562
-1875 695 672
1603 1195 550
-1767 935 768
-269 1981 704
1998 -69 797
1576 1230 551
-1773 -924 719
1260 -1552 769
-1776 -919 695
-1245 -1564 648
794 1835 728
979 -1743 741
-1989 -200 712
312 -1975 667
-742 1857 703
-1200 1599 596
-570 1917 702
-782 1840 517
337 -1971 776
1698 -1055 660
868 1801 630
1999 50 794
-1935 503 628
-1992 -175 616
-1814 840 570
-1427 -1400 708
-1866 -718 699
1462 1364 604
1989 200 570
-1943 -472 763
1396 -1431 564
-1369 -1457 619
-1160 1629 646
-1225 1580 638
600 -1907 647
730 1861 605
1118 -1657 630
-1614 1180 510
1685 1076 557
1822 823 558
-1925 -539 604
-206 -1989 587
-1885 -665 794
1929 -527 778
-1861 730 675
1423 1405 726
-1650 -1129 568
1907 -600 615
-969 -1749 647
-1790 -891 579
-1734 -996 620
-460 1946 690
-629 1898 529
1999 56 630
828 1820 500
1890 653 555
1396 1431 729
1949 448 669
-1790 891 550
-930 1770 759
1997 100 783
-588 1911 699
-1796 -879 790
81 1998 610
1150 1636 575
930 1770 605
1982 -263 588
1724 -1012 534
-194 1990 781
1098 1671 734
-576 1915 617
-1322 1500 661
-430 -1953 701
-1770 930 670
-1962 387 551
1265 -1549 705
-677 -1881 533
-1981 269 693
-891 -1790 760
-1904 612 584
-1240 -1568 665
-1560 -1250 611
647 -1892 564
1532 1284 621
-618 1902 703
-1902 -618 701
1185 -1610 570
1400 -1427 790
-1743 -979 670
1999 37 554
-1387 1440 525
-1997 100 724
175 -1992 597
-1947 454 592
-1528 -1289 776
1868 712 551
-1520 1298 523
1992 175 799
1954 424 650
-387 -1962 520
-919 -1776 735
306 1976 703
-1165 -1625 630
1925 -539 590
1479 1346 726
-1898 -629 571
1039 1708 666
244 -1985 773
-1129 -1650 598
387 -1962 611
1850 759 666
-1997 106 651
1998 81 679
-1039 -1708 633
-94 1997 581
1793 885 736
18 -1999 771
857 -1806 525
1913 -582 740
-1727 1007 671
-1595 1205 706
1985 -244 566
-125 1996 751
50 1999 719
1614 1180 524
-325 1973 664
-1643 -1139 515
606 -1905 637
-81 -1998 556
-1998 -75 692
952 1758 567
1859 -736 790
963 -1752 603
-1671 -1098 785
-1391 1436 573
1124 -1654 794
-718 -1866 720
-957 1755 626
828 -1820 519
1552 -1260 518
1678 1087 786
1200 -1599 514
288 -1979 536
1904 612 717
1580 -1225 545
-1840 -782 606
-1944 466 681
-1479 -1346 689
-1584 -1220 597
-1685 1076 662
-1888 -659 797
1999 43 792
-1210 -1591 783
1740 -985 753
1929 527 734
1618 1175 777
1200 1599 579
-448 1949 559
718 1866 591
-1798 874 754
1900 624 564
1993 -163 510
957 1755 730
1405 1423 779
-491 1938 678
-612 1904 542
1999 -12 551
362 1966 532
671 -1883 589
-1991 181 672
125 1996 612
879 1796 512
618 -1902 647
-1801 -868 557
759 1850 778
1999 -31 763
1632 1155 791
144 -1994 616
753 -1852 696
1998 -87 798
-169 -1992 742
1994 150 600
-1980 275 797
-1160 -1629 766
-1958 405 515
1039 -1708 716
-671 -1883 658
1350 -1475 776
-1940 -485 625
-485 -1940 596
969 1749 647
-131 -1995 711
411 -1957 534
1654 1124 637
1572 -1235 731
-1387 -1440 503
1920 557 793
-1479 1346 626
1071 -1688 703
-294 -1978 793
885 1793 660
1755 -957 671
-1968 -356 796
-1870 706 622
1708 1039 501
-1647 -1134 735
1512 -1308 620
1225 -1580 743
594 1909 708
-1743 979 501
1971 337 740
-671 1883 527
1028 -1715 579
1462 -1364 632
1436 1391 662
1997 106 681
1427 1400 617
564 -1918 575
-759 1850 727
-138 -1995 520
1580 1225 764
-1657 -1118 720
1996 119 622
1664 1108 654
411 1957 775
1205 1595 768
1528 -1289 556
125 -1996 595
805 -1830 689
1911 -588 667
1970 -343 708
-1930 521 643
606 1905 724
557 1920 699
817 1825 600
527 -1929 665
618 1902 520
-1175 -1618 553
-1866 718 657
-1378 -1449 731
-1610 1185 514
-1892 647 596
-1864 724 677
834 1817 688
194 -1990 524
-1998 75 519
-163 1993 572
150 -1994 706
1654 -1124 689
-1782 -907 772
1279 -1537 531
1718 1023 763
1298 1520 616
-1260 1552 737
1954 -424 752
765 1847 689
-600 -1907 571
331 -1972 546
-1764 -941 789
424 -1954 667
-1965 368 577
138 1995 795
1108 1664 668
1985 244 728
930 -1770 724
1661 1113 514
-1701 1050 631
-1034 1711 632
1265 1549 561
-1195 -1603 673
-805 -1830 695
-1591 1210 508
-1692 1066 577
1881 677 620
1409 -1418 713
81 -1998 750
-1999 50 664
-1958 -405 753
-985 1740 777
-1951 436 677
-1190 1606 649
1980 -275 553
1144 1639 604
1496 1327 563
-800 1833 661
87 -1998 711
-1959 -399 601
539 1925 662
-1833 -800 765
-417 -1955 680
1995 -131 595
1650 1129 666
380 1963 591
1987 -219 609
1180 1614 692
-788 -1837 503
-1917 570 581
1621 -1170 521
1603 -1195 573
-1359 -1466 709
-1971 337 739
69 -1998 653
-6 -1999 701
-31 -1999 667
-1180 -1614 776
-1524 1294 559
-1260 -1552 797
1814 -840 543
941 1764 510
-244 -1985 641
-1436 -1391 702
1629 1160 531
-1904 -612 644
244 1985 586
-1950 442 709
2000 0 521
1195 1603 619
-1341 -1483 654
1289 1528 791
-87 1998 781
1470 1355 619
-1868 -712 642
-472 -1943 764
1924 545 522
641 -1894 629
-1528 1289 521
-1940 485 626
-1606 1190 667
-1905 -606 538
-1885 665 730
-1625 -1165 779
533 1927 739
1998 87 532
782 -1840 635
1483 1341 687
-350 -1969 708
1391 -1436 522
-629 -1898 532
-1500 -1322 672
1595 -1205 728
213 1988 563
1985 238 552
-1576 -1230 747
-1966 362 517
-874 1798 580
-1998 81 615
-1963 -380 666
647 1892 675
-263 1982 528
-1999 -18 658
-1957 -411 677
-1023 1718 551
1737 990 692
695 -1875 689
-1664 -1108 585
1341 -1483 710
1500 -1322 677
238 1985 796
788 1837 783
-1681 1082 573
169 -1992 601
-300 -1977 610
1610 1185 684
56 1999 767
-765 -1847 759
-539 1925 609
-924 -1773 726
1427 -1400 784
-653 1890 752
-1990 194 506
1007 -1727 589
1215 1587 706
1688 1071 531
491 1938 673
1346 -1479 583
-1180 1614 549
996 1734 664
1606 1190 533
-1599 -1200 515
-31 1999 636
-1082 1681 643
1996 125 621
-1185 -1610 605
-1992 175 701
-527 -1929 799
-12 1999 585
-1688 -1071 585
-1930 -521 517
-1817 834 746
219 1987 622
-1809 -851 790
-1483 1341 666
-1400 -1427 697
87 1998 781
1675 1092 756
-1955 417 740
1487 1336 668
-946 1761 638
-1972 -331 744
1806 857 598
-996 -1734 758
-56 1999 533
-665 1885 726
834 -1817 715
-1483 -1341 655
1050 -1701 762
269 1981 759
275 1980 616
1524 -1294 759
1840 -782 798
-479 1941 511
-1603 -1195 692
-1675 1092 604
-181 1991 513
1991 188 744
1761 -946 764
985 -1740 654
-1129 1650 784
1915 576 581
1400 1427 735
1082 1681 665
-1968 356 526
1225 1580 563
43 1999 566
551 1922 545
-641 -1894 580
1308 -1512 670
1837 -788 623
-1975 312 530
1835 794 557
-281 1980 711
1752 -963 719
219 -1987 715
857 1806 700
1066 -1692 508
653 1890 644
1835 -794 657
-1941 -479 536
1449 1378 745
-1787 -896 535
-1787 896 591
417 -1955 525
1866 718 572
-43 -1999 716
-1978 -294 591
331 1972 606
-1621 1170 558
1731 1001 528
-1580 -1225 653
-974 -1746 615
-1740 985 618
594 -1909 610
-1636 1150 556
-1552 1260 779
-1927 533 719
1960 -393 528
1134 1647 532
-1999 31 617
31 -1999 671
-868 1801 630
896 -1787 604
343 -1970 666
-1864 -724 568
-325 -1973 657
1999 -43 711
-1977 -300 794
701 1873 714
-1755 957 780
-69 1998 556
706 -1870 717
-337 1971 522
1996 -119 774
460 1946 738
-1822 823 721
1250 -1560 510
629 -1898 593
306 -1976 684
-1954 424 522
231 -1986 516
551 -1922 576
1240 -1568 719
-1055 -1698 691
-1982 263 725
-1144 1639 616
1418 -1409 627
-840 1814 691
1520 1298 529
-1999 -37 644
1859 736 536
-1752 963 513
-1877 689 739
1814 840 638
-1999 -6 549
990 1737 693
-362 1966 618
-527 1929 583
-1496 1327 562
-1804 862 701
-1512 1308 603
1959 -399 519
1898 -629 537
-771 -1845 658
0 -2000 611
-891 1790 687
902 -1784 503
924 1773 614
1997 -94 528
1625 1165 574
1969 -350 754
263 1982 738
-125 -1996 739
-969 1749 712
-1993 -156 533
343 1970 543
1708 -1039 641
1974 319 782
1989 -200 739
-1103 -1668 778
612 1904 708
1968 -356 643
1776 919 719
1994 -144 573
1692 1066 769
1028 1715 583
1854 -747 549
37 -1999 661
1958 405 523
-907 1782 758
-1995 131 552
1711 -1034 647
724 1864 519
-896 1787 710
-1087 1678 697
1294 1524 618
-503 1935 545
-701 -1873 780
-1996 125 659
689 1877 506
430 1953 757
-1994 -150 660
1355 -1470 589
-635 -1896 579
1809 -851 770
436 1951 560
1994 144 691
417 1955 543
-1595 -1205 591
-1587 -1215 769
1804 862 792
1012 -1724 765
-1418 1409 557
12 1999 622
1647 -1134 563
1917 -570 766
454 -1947 518
1537 1279 591
-618 -1902 549
-1918 564 626
1734 -996 748
-776 -1842 585
1812 845 529
-1847 -765 668
1978 -294 556
-689 1877 652
1453 1373 592
-805 1830 763
-606 1905 769
1999 6 713
1087 1678 578
1537 -1279 552
1958 -405 654
-356 -1968 517
1904 -612 784
1944 -466 751
1902 618 593
-845 1812 771
1981 269 749
-18 -1999 639
1796 879 676
-1250 1560 701
-1998 -87 587
393 -1960 544
-1938 491 526
-736 1859 690
1997 -100 772
-1959 399 580
-1284 -1532 550
-1504 -1317 501
-1999 -56 609
1632 -1155 500
1947 -454 531
-1044 1705 604
-1724 -1012 534
-263 -1982 703
-163 -1993 515
-594 -1909 710
-1957 411 652
1139 -1643 512
-1508 -1313 656
-1755 -957 626
1877 689 612
-1504 1317 753
-1034 -1711 697
1625 -1165 775
-1782 907 525
1879 -683 526
1879 683 702
1444 -1382 681
515 -1932 683
1840 782 540
-466 1944 719
868 -1801 631
-1092 1675 681
952 -1758 506
-1453 1373 515
-624 1900 615
-1746 974 517
1983 256 562
1098 -1671 521
-1941 479 726
624 1900 736
1999 62 632
1861 -730 755
-1355 -1470 680
1980 275 785
-491 -1938 658
-25 -1999 752
-1308 1512 743
996 -1734 717
1885 665 589
-69 -1998 760
-250 -1984 607
-1992 -169 578
1930 521 625
-742 -1857 632
659 -1888 701
-1909 594 560
-1449 1378 714
-156 1993 555
-1313 -1508 700
1134 -1647 621
1512 1308 653
730 -1861 538
-1632 -1155 642
1993 156 596
-1845 771 794
-1327 1496 578
-600 1907 784
1900 -624 585
-169 1992 743
946 -1761 654
-564 -1918 723
1875 695 716
-1524 -1294 767
1681 1082 519
817 -1825 734
-119 -1996 654
1568 1240 679
-1668 -1103 696
-1124 1654 624
1870 706 746
1303 -1516 739
1776 -919 513
-545 -1924 629
119 1996 536
-1997 -100 627
-1894 641 612
683 1879 783
-521 1930 708
-1715 1028 720
238 -1985 505
-1835 -794 642
-1134 -1647 516
-225 1987 555
-1825 817 565
1018 -1721 747
-213 1988 760
-393 1960 602
1255 -1556 623
-1378 1449 617
1976 306 559
1382 -1444 591
1896 635 656
612 -1904 699
-1087 -1678 711
-1842 776 609
-1336 1487 602
-1999 -31 772
1999 18 650
1284 -1532 792
-144 -1994 673
-503 -1935 524
677 -1881 558
1883 -671 659
-706 -1870 731
891 1790 660
-312 1975 616
-1681 -1082 772
641 1894 558
1820 828 594
1150 -1636 727
1409 1418 771
-1564 -1245 562
635 1896 562
1391 1436 588
811 1827 695
-1724 1012 524
-1898 629 538
1076 -1685 757
1820 -828 752
485 1940 793
-712 1868 786
-206 1989 718
-1954 -424 728
-1966 -362 530
665 1885 501
-231 -1986 700
1938 -491 500
-1999 62 595
-1983 256 629
-306 -1976 566
-1999 -62 740
1475 -1350 647
-1636 -1150 634
1705 1044 509
-794 -1835 773
-281 -1980 565
-1890 653 606
-885 -1793 554
-665 -1885 703
1322 1500 688
1833 800 533
393 1960 515
-1610 -1185 718
-1827 -811 552
-1965 -368 603
-50 -1999 620
-1999 56 595
1798 -874 680
-1055 1698 705
169 1992 554
736 -1859 736
-1972 331 549
206 1989 681
62 1999 739
-1798 -874 516
-50 1999 702
-1661 1113 612
-1861 -730 712
-730 -1861 603
1890 -653 737
-1996 -125 503
424 1954 692
1812 -845 687
1937 497 519
6 1999 642
1587 -1215 557
250 1984 783
1255 1556 718
-1974 319 719
-18 1999 730
-765 1847 685
1336 -1487 677
-963 -1752 580
-405 1958 670
1950 -442 539
62 -1999 658
1987 -225 736
1979 -288 661
1092 -1675 666
-1265 -1549 654
75 -1998 727
1508 1313 561
-1996 113 670
-1671 1098 724
1817 -834 533
1524 1294 653
-1842 -776 630
-1847 765 523
-1007 1727 720
-1028 1715 562
1313 1508 719
-1453 -1373 555
985 1740 586
1440 -1387 661
-131 1995 501
-1144 -1639 670
175 1992 636
1986 -231 774
-1621 -1170 752
-606 -1905 649
1373 1453 623
-1250 -1560 781
-1568 -1240 610
-1983 -256 772
-1974 -319 553
-1806 -857 731
-753 -1852 730
1850 -759 709
200 -1989 608
250 -1984 681
312 1975 637
1475 1350 672
-724 -1864 797
1695 -1061 520
1957 411 525
-356 1968 636
-1731 1001 558
-1737 -990 594
1336 1487 755
1636 1150 512
1240 1568 561
1991 181 629
-362 -1966 588
100 1997 585
-624 -1900 774
-138 1995 642
-1175 1618 615
-1758 952 556
448 1949 691
1001 -1731 600
-1444 1382 727
-1718 -1023 794
-1303 -1516 664
1770 930 528
-1678 1087 613
1520 -1298 712
-1830 -805 582
794 -1835 712
-1953 -430 633
1793 -885 693
-1835 794 660
-1698 1055 547
-1359 1466 543
1986 231 788
1964 -374 763
1779 -913 542
-1500 1322 618
1504 1317 558
576 1915 600
1993 -156 589
-1150 -1636 644
-1418 -1409 731
1983 -256 744
689 -1877 500
-1664 1108 613
-1170 1621 593
1618 -1175 503
94 1997 519
-1767 -935 523
-1632 1155 604
1220 -1584 621
874 -1798 503
-712 -1868 650
1423 -1405 779
1317 -1504 691
25 1999 615
-1845 -771 613
1071 1688 679
800 -1833 784
-113 1996 592
-1731 -1001 544
-350 1969 643
-1423 -1405 749
1170 1621 678
1576 -1230 601
-1998 87 620
-1475 1350 529
-256 -1983 652
-37 -1999 780
-1822 -823 521
-1369 1457 648
1873 701 747
-1779 -913 798
1382 1444 778
1668 1103 754
1779 913 792
1864 -724 743
1549 -1265 744
200 1989 512
1998 75 677
231 1986 785
1180 -1614 756
1924 -545 769
1743 979 570
-1373 1453 544
1982 263 640
-1618 -1175 644
-1960 393 592
533 -1927 711
-857 -1806 615
1940 -485 794
-1984 250 622
-828 1820 722
1245 -1564 550
-689 -1877 700
-1890 -653 777
-1185 1610 661
724 -1864 643
1959 399 572
-1205 1595 523
-1560 1250 750
-1230 1576 531
-1999 25 723
935 1767 582
-1784 -902 606
337 1971 779
-1711 1034 639
1787 -896 744
-533 1927 599
1466 1359 741
491 -1938 654
-641 1894 582
225 -1987 510
100 -1997 594
1877 -689 651
-1270 1545 520
-1946 -460 665
712 -1868 646
1103 -1668 657
-1873 701 574
1773 924 642
-1568 1240 650
-1981 -269 536
-1289 1528 603
-1944 -466 714
-1466 -1359 693
1758 -952 520
144 1994 730
1927 533 749
-1134 1647 759
-1907 -600 737
1113 -1661 555
206 -1989 636
1943 -472 656
-1082 -1681 778
742 -1857 621
-1470 1355 795
1746 -974 729
-1294 -1524 548
1718 -1023 787
-213 -1988 571
-1953 430 524
1298 -1520 771
811 -1827 784
1250 1560 677
-874 -1798 557
851 -1809 761
-941 -1764 507
1260 1552 751
-399 1959 743
-1701 -1050 550
-200 1989 779
-1988 -213 610
-1859 736 523
-374 -1964 712
1595 1205 799
-337 -1971 524
963 1752 694
325 1973 654
1681 -1082 652
-1516 1303 783
-1001 -1731 504
-1580 1225 583
1990 194 775
-957 -1755 630
-1255 -1556 604
1564 -1245 595
-1705 -1044 690
570 -1917 645
-200 -1989 514
269 -1981 669
-1039 1708 537
-1998 -81 742
1175 -1618 652
-1599 1200 778
-87 -1998 666
-1809 851 592
-1487 -1336 684
-1951 -436 798
1610 -1185 769
1951 436 643
-1028 -1715 731
-106 1997 705
-1364 1462 667
374 1964 747
1998 -75 587
-1969 -350 524
-1925 539 758
181 -1991 561
1727 1007 600
-677 1881 755
1327 1496 776
1584 1220 544
-497 1937 642
-1980 -281 745
1999 25 700
-1044 -1705 762
527 1929 754
1479 -1346 677
1969 350 570
-1303 1516 545
-1998 -69 565
1946 460 594
1857 742 505
-1911 588 572
1564 1245 634
-724 1864 579
1934 -509 610
1664 -1108 515
-635 1896 657
1076 1685 545
1155 1632 671
-1920 557 794
845 1812 567
-1487 1336 598
1997 -106 531
771 1845 702
-1870 -706 598
-319 1974 761
-1996 119 677
1973 -325 788
919 -1776 691
600 1907 747
515 1932 586
-1350 -1475 729
913 -1779 765
845 -1812 776
1657 -1118 650
1378 -1449 626
-1833 800 665
-1837 -788 662
-1587 1215 647
-1991 -188 597
1549 1265 659
-771 1845 798
-1804 -862 538
1695 1061 513
-417 1955 712
1845 -771 645
1545 -1270 714
1545 1270 610
1993 163 520
-1994 150 549
-1857 742 694
-442 -1950 703
1950 442 646
1925 539 590
-1317 1504 532
-106 -1997 729
1960 393 510
1491 1332 520
1938 491 761
1847 765 653
-119 1996 760
466 -1944 529
1516 -1303 799
1764 941 662
1453 -1373 502
1842 -776 614
94 -1997 763
-1970 343 561
-1909 -594 516
969 -1749 532
718 -1866 538
1560 1250 707
1941 -479 707
1643 1139 777
281 -1980 527
-515 1932 662
1965 368 644
-996 1734 558
1896 -635 700
1034 1711 534
-935 1767 636
-100 -1997 753
-436 1951 782
-1520 -1298 639
-454 1947 573
-879 1796 604
1055 -1698 529
1873 -701 575
582 1913 697
-979 -1743 760
1556 -1255 650
1892 -647 779
1854 747 507
-380 1963 543
-1947 -454 513
1584 -1220 661
-659 1888 654
-1973 325 507
-1705 1044 653
-1210 1591 696
37 1999 699
-12 -1999 598
-37 1999 694
1962 387 569
747 -1854 619
1317 1504 796
1614 -1180 796
-244 1985 632
1999 31 659
759 -1850 547
1294 -1524 699
503 -1935 796
1767 935 559
1715 1028 783
1175 1618 553
-747 -1854 724
-576 -1915 570
1999 -37 612
1955 -417 708
-533 -1927 746
545 1924 633
1995 -138 781
-479 -1941 671
1647 1134 697
362 -1966 684
776 -1842 587
1414 -1414 641
1629 -1160 718
-181 -1991 617
-1440 1387 605
-564 1918 665
1974 -319 563
1165 1625 753
1185 1610 677
1985 -238 783
1761 946 545
25 -1999 528
1977 -300 679
-1409 1418 648
-231 1986 582
-1913 -582 752
-1552 -1260 777
-300 1977 504
1918 -564 528
-1979 -288 628
-1973 -325 708
374 -1964 710
919 1776 652
1827 811 539
-1629 1160 746
225 1987 524
-275 1980 755
-1496 -1327 760
1997 94 572
-1749 -969 706
-225 -1987 799
1210 -1591 666
1007 1727 656
1888 659 636
1270 -1545 743
-1516 -1303 774
-1685 -1076 717
-1466 1359 749
-1999 -50 523
-1960 -393 724
-1618 1175 670
-776 1842 687
1436 -1391 570
1449 -1378 565
1905 606 739
294 -1978 628
-1854 747 614
-653 -1890 750
-1718 1023 694
1044 -1705 748
325 -1973 676
-817 -1825 647
-985 -1740 654
1755 957 527
1190 1606 723
-1902 618 521
-1987 -225 579
1405 -1423 684
-113 -1996 705
-1230 -1576 799
1587 1215 609
-1255 1556 687
-862 -1804 629
-1770 -930 554
6 -1999 616
-1969 350 765
935 -1767 765
-1999 37 618
-1018 1721 727
1082 -1681 761
805 1830 799
-1814 -840 671
-811 -1827 769
1129 1650 519
-1654 1124 756
1457 1369 551
350 -1969 767
-695 -1875 603
-1879 -683 631
635 -1896 579
-551 -1922 771
-1758 -952 705
-659 -1888 676
974 -1746 632
683 -1879 733
-557 1920 551
-1001 1731 554
1205 -1595 699
800 1833 702
-1409 -1418 538
-1327 -1496 545
1995 131 556
1902 -618 778
-1946 460 596
-294 1978 710
-1657 1118 608
-557 -1920 550
-424 -1954 505
1842 776 725
-1727 -1007 666
823 1822 786
-1784 902 571
75 1998 708
-857 1806 633
1066 1692 575
1701 -1050 650
879 -1796 798
1322 -1500 757
-1265 1549 548
-1462 -1364 769
-1900 624 616
1995 138 518
1643 -1139 654
1378 1449 617
-1924 -545 551
-81 1998 617
885 -1793 798
-1977 300 525
12 -1999 691
-1955 -417 608
1220 1584 735
-1850 759 734
1087 -1678 652
1866 -718 755
840 -1814 745
-250 1984 713
1915 -576 607
-343 1970 513
119 -1996 627
-1061 1695 507
-1776 919 549
-1994 -144 757
-1572 -1235 625
1504 -1317 541
-1711 -1034 638
-582 -1913 783
1825 817 651
1801 -868 700
448 -1949 725
1973 325 548
1560 -1250 601
1988 -213 767
-1985 -244 521
1830 -805 780
-902 -1784 514
106 1997 509
-1779 913 534
1606 -1190 537
18 1999 577
-1322 -1500 617
1830 805 695
-1949 448 661
-1982 -263 693
-979 1743 621
-1850 -759 795
782 1840 617
131 -1995 631
-1964 -374 522
-974 1746 795
1508 -1313 736
-1603 1195 706
-1449 -1378 755
-840 -1814 717
-1098 -1671 566
1092 1675 570
288 1979 734
1572 1235 712
1721 1018 792
1671 1098 516
1875 -695 621
1387 1440 748
-1556 -1255 608
-460 -1946 598
294 1978 747
106 -1997 633
1963 380 595
-2000 0 507
-1976 -306 657
-1996 -113 540
131 1995 614
1675 -1092 563
-1746 -974 613
1949 -448 744
-647 -1892 534
1888 -659 514
-1721 -1018 526
-1995 -138 509
907 1782 585
-1881 -677 709
442 -1950 714
-1541 -1274 735
-1332 1491 504
503 1935 610
1968 356 528
-1993 -163 599
1957 -411 514
-1999 -43 778
-75 1998 634
-1139 -1643 785
1705 -1044 668
1996 -113 635
-219 -1987 527
1245 1564 546
-1881 677 583
43 -1999 545
-405 -1958 574
1532 -1284 690
1996 -125 636
1975 312 661
-1989 -206 567
946 1761 665
1784 902 664
1734 996 545
-62 -1999 698
-1994 144 594
1108 -1664 796
-368 1965 694
-1532 -1284 595
1668 -1103 664
300 1977 521
1935 -503 740
-56 -1999 792
-1929 -527 595
-1852 -753 708
1790 -891 728
557 -1920 537
-1993 156 777
-1883 -671 704
1740 985 598
-788 1837 631
1516 1303 796
-1457 1369 708
1701 1050 621
-1431 1396 589
-1721 1018 697
-1549 1265 636
-896 -1787 793
1341 1483 799
1500 1322 591
1905 -606 542
-1491 -1332 694
-374 1964 788
-1985 238 553
1976 -306 619
588 -1911 592
-1103 1668 557
941 -1764 721
-1993 163 598
-539 -1925 718
-1139 1643 599
-1793 -885 640
-1124 -1654 755
-1118 -1657 533
-683 -1879 720
1160 -1629 744
-952 -1758 755
-1986 231 579
-1270 -1545 712
-1963 380 752
-1215 1587 544
181 1991 595
-1840 782 575
1118 1657 535
1963 -380 570
1773 -924 780
-1675 -1092 547
-1812 845 534
-219 1987 529
-442 1950 597
263 -1982 791
-1896 635 795
-515 -1932 621
405 1958 568
-1007 -1727 677
387 1962 736
1556 1255 583
-1491 1332 785
1953 -430 584
1369 1457 738
1801 868 733
1044 1705 537
1917 570 722
1861 730 523
695 1875 762
1418 1409 513
1972 331 554
1979 288 615
-1576 1230 648
-94 -1997 589
-1922 551 530
1898 629 778
653 -1890 579
-1155 1632 651
840 1814 684
-1625 1165 717
-1436 1391 707
659 1888 730
-485 1940 715
-1929 527 712
-1462 1364 697
-1200 -1599 707
113 1996 537
-521 -1930 530
1359 -1466 791
1941 479 664
1989 -206 534
436 -1951 718
1984 -250 680
-1537 -1279 568
-1879 683 539
-1405 -1423 608
150 1994 531
50 -1999 620
771 -1845 759
-1698 -1055 659
-1978 294 581
-1195 1603 731
1857 -742 618
1796 -879 775
1943 472 592
1944 466 710
1012 1724 555
1491 -1332 519
-718 1866 649
582 -1913 515
1980 281 783
1023 1718 675
1190 -1606 703
-1761 946 640
-1980 281 659
-1806 857 694
-811 1827 714
1195 -1603 739
-424 1954 617
-1976 306 676
-1427 1400 505
1991 -181 649
-1235 1572 559
-306 1976 751
-845 -1812 602
113 -1996 627
1782 -907 638
1909 -594 760
896 1787 706
788 -1837 635
1864 724 511
1881 -677 751
1909 594 723
-1346 -1479 723
-1715 -1028 663
1591 1210 629
-1165 1625 622
-1298 1520 586
-1012 1724 797
-1985 244 748
545 -1924 764
1852 753 733
-331 1972 705
-1997 94 784
-1991 188 500
874 1798 703
539 -1925 752
1998 69 559
588 1911 611
-1564 1245 513
-1012 -1724 773
-1998 69 577
-1396 -1431 551
1308 1512 564
1894 -641 798
-1341 1483 531
1907 600 622
-1911 -588 766
-1999 -12 673
957 -1755 550
-582 1913 753
1155 -1632 532
-1355 1470 530
747 1854 589
-175 -1992 748
399 -1959 618
-1508 1313 779
742 1857 622
-1888 659 790
-1643 1139 737
-1155 -1632 500
-1964 374 773
712 1868 521
-1423 1405 514
-1896 -635 628
1935 503 620
1996 113 653
1373 -1453 504
-1023 -1718 688
466 1944 771
1431 -1396 637
-1764 941 794
497 -1937 540
-1549 -1265 561
-509 1934 670
-1999 -25 630
-952 1758 554
-907 -1782 613
-1796 879 510
-1350 1475 586
1332 1491 529
-1098 1671 665
765 -1847 588
-1591 -1210 733
-1820 828 787
-1113 -1661 757
-1639 -1144 725
-1313 1508 757
-1995 -131 669
1965 -368 547
521 1930 521
-1190 -1606 622
509 -1934 635
-1225 -1580 509
-1220 1584 650
-1050 1701 757
275 -1980 565
1113 1661 568
-1997 -94 703
256 1983 550
1671 -1098 694
-879 -1796 618
1825 -817 524
-331 -1972 695
1964 374 769
-551 1922 750
1466 -1359 754
823 -1822 767
1364 -1462 634
