2000
5283 -7975 140
5181 -8070 962
4587 -8826 556
4363 -9334 489
4220 -9801 388
4197 -9414 617
4596 -8944 300
4501 -9228 916
5328 -9621 884
6147 -9953 369
5839 -9750 863
5999 -8902 719
5787 -9589 315
5937 -9865 811
5433 -9230 943
5621 -8306 303
5562 -8009 189
5593 -8195 170
5702 -8325 495
5542 -8793 957
5410 -7846 385
5748 -8030 663
6012 -7422 799
6258 -6662 261
6189 -6411 586
6275 -5832 280
6496 -5661 171
6645 -5744 59
6593 -5771 822
6754 -4965 155
6770 -5119 120
6762 -5238 493
6992 -5674 497
7399 -5959 650
7270 -5322 987
7284 -4336 781
7228 -5114 968
6719 -4291 131
6802 -4190 935
7016 -5100 33
7006 -5131 367
7222 -4835 386
7125 -4462 73
7161 -4399 830
7243 -5224 330
7520 -5045 363
7524 -4683 318
7775 -4878 976
8133 -5785 518
8064 -6298 604
7597 -5915 770
7979 -6583 851
7667 -5792 911
7838 -6686 385
7621 -6368 690
7227 -5802 724
7909 -6045 259
8134 -5917 613
7670 -5517 723
8311 -5851 151
8327 -6001 541
8501 -5489 414
8531 -5077 280
8336 -4877 297
8480 -5136 298
8661 -5372 281
8927 -5462 38
8964 -5454 591
8760 -6008 87
8753 -5922 905
8174 -5227 858
8849 -4698 964
8158 -4026 919
7454 -4616 563
6975 -4911 424
7272 -4609 750
7323 -5357 497
7321 -4861 876
6537 -4471 774
5770 -4574 401
5578 -4926 175
5446 -5040 455
5131 -4712 742
4518 -4294 73
4496 -4225 910
5083 -3530 867
4513 -4183 678
5087 -3823 867
4915 -2974 4
4914 -2977 755
5290 -2323 530
4837 -2048 828
4968 -2865 60
4924 -2825 91
4998 -2877 703
5474 -3394 279
5734 -3495 683
6197 -2993 704
5653 -2547 546
5355 -2090 745
5312 -1347 630
5143 -741 87
5174 -660 998
5866 -1379 704
5881 -676 593
5348 -417 820
5062 -1185 792
5285 -426 943
4702 315 960
4366 1214 692
3679 1131 950
4241 1896 403
4612 2053 680
4618 1374 939
5141 2153 634
5261 1531 888
4979 2373 470
5111 1922 694
5485 2506 866
6339 2363 811
6527 1575 710
6695 2264 680
6775 1589 331
6826 1916 928
5992 2322 796
5458 2912 264
5709 2993 600
6098 3449 197
6111 3645 317
6019 3342 560
6576 3285 782
6244 3993 812
6419 3201 742
5963 3786 134
6066 3701 738
6738 4006 500
6385 3652 867
6198 4498 854
6386 3665 809
6897 4292 600
6986 3699 904
7436 2915 973
6518 3237 910
5843 3847 533
6256 3511 746
5808 4107 647
5702 4745 638
5500 4140 143
5549 4006 574
5944 4422 729
5402 4909 783
5605 5665 787
5783 4899 56
5775 4954 223
5798 4733 875
6176 5522 790
5862 4798 484
5455 4537 117
5491 4648 528
5024 4402 547
4555 4121 624
4640 4739 401
4306 4960 27
4284 4945 952
4548 5859 142
4682 5813 966
3831 5356 503
3700 4871 73
3673 4938 525
3808 4431 809
3961 3637 866
3195 3234 178
3189 3411 49
3152 3379 871
2926 4220 519
3027 3711 143
3111 3596 229
3239 3407 860
3175 4264 52
3206 4305 751
3458 5012 223
3398 5226 653
3766 5765 36
3784 5796 508
3384 5483 947
2807 4733 957
2612 3797 124
2546 3693 612
2314 3127 725
2734 3717 363
2915 4031 410
3231 3770 394
3492 4065 202
3485 3864 57
3505 3811 872
3873 3021 156
3761 2913 543
4094 2485 854
3250 2355 541
3527 1891 38
3513 1856 312
3307 2090 404
3122 1731 771
2358 1628 708
2399 922 417
2363 1337 601
2904 1598 97
2899 1694 219
2956 1483 784
2308 1042 377
2506 1362 337
2247 1147 111
2150 1094 920
2990 719 273
2862 478 321
3181 443 701
2538 722 926
3039 -56 221
2918 128 254
2727 295 642
3103 -225 694
2415 -316 17
2403 -304 67
2418 -369 497
2702 38 726
2024 297 771
1396 -150 878
606 233 616
472 -368 785
210 -1107 846
-566 -771 338
-348 -513 739
-133 194 179
-45 349 64
-31 411 645
613 446 334
830 193 827
1601 -106 924
1344 -993 427
1546 -1369 94
1556 -1462 411
1433 -1854 999
852 -1042 23
834 -1028 888
217 -390 385
154 -769 766
460 -67 616
267 517 127
164 591 721
457 -67 292
660 -276 608
770 321 305
947 569 392
1143 230 880
1956 566 942
1422 -210 33
1395 -192 537
1148 284 317
1340 32 116
1265 -56 205
1379 -226 546
1801 -572 839
1912 259 817
2064 1061 265
1853 1221 295
1885 1514 988
1879 527 928
1777 1449 89
1794 1536 245
1737 1298 623
1622 1910 949
1480 972 994
2294 402 111
2315 510 245
2516 650 6
2514 645 841
2693 1466 395
2537 1104 43
2556 1066 830
3316 733 817
3619 -25 198
3533 153 765
3187 835 595
3436 295 568
3855 678 594
3395 303 959
3158 1232 576
2680 911 426
2712 487 958
3662 610 431
3731 185 883
3846 1060 547
3491 644 245
3557 879 409
3924 1059 280
4029 800 688
4068 114 236
4035 -119 40
4005 -145 922
4730 424 261
4862 199 391
4611 498 874
4100 -211 768
4529 -848 751
3889 -456 188
3893 -269 540
4406 -437 149
4342 -303 899
4798 -1077 142
4801 -936 289
4619 -712 469
4553 -248 388
4423 -613 10
4431 -619 430
4205 -254 342
4045 -556 128
4133 -648 749
3899 -1359 247
3952 -1600 684
3715 -959 419
3902 -585 234
3810 -800 642
4451 -765 834
4033 -1486 553
4483 -1807 336
4686 -1540 531
4949 -2001 775
4926 -1227 431
4806 -814 345
4842 -471 357
5018 -161 454
4776 223 633
4634 -393 338
4732 -70 430
4940 306 251
5007 547 580
4569 927 145
4644 803 931
5174 38 884
4747 -736 229
4892 -913 537
4846 -1448 919
5505 -2088 469
5271 -1682 575
5547 -1178 151
5595 -1035 351
5899 -860 650
5367 -487 480
5082 -101 688
5253 565 848
4992 -241 687
5235 -883 908
5169 22 144
5107 -107 638
4953 -726 754
4611 -1397 439
4304 -1084 267
4063 -970 117
4133 -877 935
3585 -1634 398
3423 -1997 982
2930 -1148 939
2639 -2040 522
2305 -2441 149
2228 -2314 110
2121 -2339 691
2215 -3023 279
1986 -3182 210
1806 -3290 694
1379 -2743 218
1190 -2851 868
903 -3670 831
109 -3425 701
683 -3023 229
639 -2799 261
805 -2598 363
1013 -2301 661
1558 -2675 233
1437 -2874 886
605 -3178 753
-78 -3495 820
-339 -4272 400
-579 -3952 28
-602 -3967 14
-613 -3975 589
-593 -3387 449
-892 -3721 747
-1476 -3256 910
-1806 -4104 431
-1712 -3684 32
-1685 -3701 335
-1847 -3994 806
-2276 -3312 124
-2352 -3409 73
-2378 -3341 494
-2165 -3786 99
-2093 -3719 338
-1767 -3630 184
-1864 -3786 252
-1955 -4020 360
-1851 -4364 597
-2099 -3821 787
-1411 -4203 581
-1495 -4777 147
-1582 -4895 81
-1593 -4815 5
-1593 -4810 966
-2379 -4249 647
-2810 -3767 819
-3458 -3267 307
-3663 -3039 995
-3903 -4004 74
-3957 -4054 136
-3987 -3922 266
-4194 -3755 112
-4193 -3866 560
-3699 -4129 612
-3372 -3612 230
-3239 -3425 891
-3551 -2591 877
-2681 -2701 59
-2673 -2759 979
-2645 -3737 96
-2594 -3656 847
-2765 -2827 370
-3014 -3100 55
-3017 -3154 115
-2918 -3212 536
-2404 -3363 510
-2598 -3834 990
-3461 -4319 337
-3430 -3984 815
-2701 -3620 779
-2132 -3088 971
-1847 -4016 574
-1944 -3451 942
-2365 -2609 941
-1740 -1906 404
-1940 -1555 751
-1725 -2274 180
-1581 -2166 154
-1618 -2315 110
-1515 -2353 744
-1861 -1695 812
-1091 -1438 109
-1072 -1331 540
-1540 -1062 918
-1020 -1818 147
-988 -1961 578
-1311 -1482 323
-1181 -1777 789
-1625 -2429 349
-1297 -2548 936
-1488 -1632 167
-1493 -1466 130
-1541 -1586 280
-1454 -1320 137
-1565 -1240 374
-1773 -930 753
-1472 -240 766
-1609 -993 275
-1681 -728 220
-1708 -946 70
-1719 -877 198
-1648 -1061 770
-1351 -1771 892
-1116 -2631 128
-1117 -2758 91
-1130 -2668 314
-1210 -2365 685
-1358 -3033 376
-989 -3105 233
-1084 -2893 985
-454 -2136 497
-408 -2630 734
-158 -1940 182
-240 -2102 698
-368 -1416 590
-790 -1004 643
-1219 -1482 982
-1703 -628 546
-1444 -148 392
-1364 235 623
-1944 462 390
-2203 171 237
-2200 -65 196
-2304 101 147
-2286 -44 97
-2374 -84 665
-3019 77 430
-2660 -159 55
-2636 -110 357
-2291 -201 689
-2025 434 386
-2072 817 660
-2488 305 157
-2644 322 762
-2683 -439 230
-2761 -223 498
-3009 208 287
-2780 380 360
-2508 615 677
-2614 1283 851
-1950 751 375
-2118 416 785
-2693 -118 533
-3035 -526 532
-3176 -1038 545
-3488 -592 896
-3426 -1485 425
-3160 -1154 906
-2918 -281 954
-3027 666 858
-2665 -111 902
-1770 1 649
-1770 650 711
-2105 1277 891
-1547 583 73
-1607 542 502
-1151 333 707
-1168 1039 321
-1100 1352 366
-1077 1717 197
-1180 1550 84
-1227 1619 871
-994 2458 289
-734 2584 587
-297 2975 29
-295 2947 210
-88 2982 352
63 2665 220
53 2884 588
295 3419 262
40 3359 271
-157 3173 677
-781 3435 709
-1421 3130 425
-1344 2713 561
-1188 3251 146
-1079 3154 717
-723 3776 438
-666 4210 524
-340 4620 800
-352 5419 463
-673 5752 690
-966 6376 541
-1500 6462 260
-1373 6688 40
-1372 6727 473
-1613 7133 454
-1914 7472 601
-1810 8063 6
-1815 8060 793
-1653 7284 494
-1282 6958 188
-1450 7042 539
-1410 7579 901
-730 6988 737
-523 6281 610
-1128 6358 430
-1044 5937 730
-1368 6591 35
-1354 6623 415
-1094 6946 74
-1094 7020 181
-1235 6907 72
-1231 6836 216
-1441 6786 188
-1299 6663 129
-1263 6540 630
-1276 5911 810
-585 5489 152
-474 5592 292
-216 5728 320
-455 5516 96
-408 5433 788
-1058 5878 763
-706 5202 995
-1343 4438 823
-1196 5247 898
-903 4399 216
-1050 4241 956
-1426 3363 100
-1487 3284 209
-1307 3178 450
-890 3009 71
-881 2939 411
-874 3349 723
-1275 2748 884
-1742 3498 25
-1719 3489 257
-1827 3256 215
-1758 3053 107
-1815 3143 646
-2423 3361 331
-2566 3659 88
-2603 3580 204
-2596 3783 3
-2598 3781 820
-3228 4305 91
-3278 4381 75
-3218 4336 323
-2953 4152 41
-2922 4178 725
-3436 4689 724
-2810 4326 212
-2719 4135 535
-2887 4642 625
-3478 4845 236
-3562 4625 83
-3593 4549 747
-3235 3894 781
-3487 4633 552
-3959 4347 339
-4204 4113 560
-3944 3618 924
-3482 4418 291
-3703 4229 425
-3468 4583 395
-3274 4239 412
-3685 4267 27
-3689 4241 306
-3547 3970 889
-3400 3094 425
-3794 2935 541
-3702 3468 570
-4173 3789 351
-4410 3531 959
-4164 4457 947
-3268 4151 661
-3569 3563 952
-3217 4447 859
-4002 4099 988
-4071 5084 185
-4252 5046 841
-3956 5833 442
-3526 5731 483
-3497 5249 105
-3581 5312 496
-3508 4822 807
-3548 4016 14
-3535 4011 523
-3831 3580 319
-3765 3892 528
-4126 3507 119
-4175 3615 282
-4217 3337 340
-4183 2999 280
-4220 3276 141
-4329 3365 83
-4248 3347 244
-4262 3590 229
-4330 3808 467
-4436 3354 475
-4188 3759 946
-3867 4648 891
-4044 3775 247
-4182 3571 630
-3890 4129 947
-3118 4677 774
-2892 3937 212
-3042 4086 105
-3111 4165 677
-3523 4702 515
-3532 5216 510
-3781 5661 791
-4145 6363 50
-4104 6335 983
-3772 5410 524
-4176 5743 479
-4313 5285 528
-4584 5738 429
-4921 5473 640
-4585 6017 715
-4698 6723 364
-4469 7005 507
-4833 7357 16
-4834 7342 217
-4833 7558 609
-5393 7797 349
-5108 7998 360
-5325 7711 846
-5281 6867 701
-5186 6173 591
-4628 6367 756
-4137 5793 245
-4226 6021 195
-4324 5853 830
-3849 5173 465
-4205 5472 923
-3671 4720 224
-3579 4516 158
-3588 4359 524
-3148 4643 972
-2588 3849 314
-2664 4153 740
-3347 3869 385
-3440 3496 286
-3600 3733 891
-3827 2872 125
-3837 2996 484
-3582 3407 868
-3968 2630 370
-4136 2301 332
-4179 1972 659
-3968 2596 164
-3919 2440 545
-3763 2962 335
-3959 3233 41
-3971 3272 641
-3542 3748 294
-3325 3550 626
-3906 3783 442
-3648 3425 265
-3720 3170 750
-3935 3888 313
-4012 4191 165
-3981 4353 215
-4125 4512 388
-4482 4361 561
-4158 4818 356
-3980 5126 184
-4013 5307 278
-4206 5107 750
-3874 4435 501
-4108 3993 968
-3142 4055 743
-3018 3323 53
-2991 3278 764
-3527 2734 101
-3483 2644 981
-4173 1947 459
-4475 1602 110
-4366 1616 939
-4549 696 187
-4474 867 171
-4403 712 510
-4273 219 365
-4062 -78 967
-4754 -753 3
-4756 -755 762
-4552 -21 706
-4221 -644 924
-3915 -1515 159
-3808 -1398 214
-3926 -1220 420
-3704 -864 216
-3621 -665 147
-3505 -755 990
-4113 -1536 57
-4113 -1479 862
-4329 -2313 932
-4021 -3192 952
-4097 -2244 29
-4085 -2270 796
-4386 -3006 631
-3844 -2683 447
-3625 -3072 285
-3686 -3350 653
-3746 -2700 535
-4280 -2732 216
-4217 -2938 733
-4884 -2635 575
-4491 -2216 930
-4611 -1294 87
-4645 -1214 258
-4537 -980 534
-4205 -1398 899
-4082 -508 130
-4057 -381 767
-3683 288 421
-4031 524 712
-4660 857 4
-4662 854 587
-4674 1440 747
-4811 706 973
-5279 1559 242
-5238 1797 696
-5594 2395 658
-5437 1757 206
-5340 1938 856
-5598 1122 236
-5394 1240 137
-5402 1376 857
-5180 549 756
-4552 969 916
-4403 66 955
-4745 -825 448
-4748 -1272 193
-4801 -1087 26
-4803 -1062 492
-5281 -1178 657
-4876 -661 916
-5773 -846 573
-5545 -1371 522
-5440 -860 849
-5477 -1708 57
-5505 -1659 185
-5636 -1529 1000
-6438 -932 836
-6863 -1651 958
-6310 -2433 658
-6555 -1823 748
-5812 -1737 942
-5472 -859 206
-5674 -819 908
-5405 48 514
-5548 541 140
-5502 409 678
-4980 -23 909
-5459 749 437
-5665 364 90
-5621 442 555
-6041 804 544
-6151 272 220
-6110 488 973
-5515 1257 456
-5718 849 378
-5809 483 74
-5806 556 546
-6175 154 571
-5726 -198 336
-5906 85 419
-5716 458 4
-5719 456 657
-6211 891 278
-6289 625 861
-5554 177 785
-5467 957 212
-5354 1136 481
-5420 660 412
-5391 250 853
-6011 -335 187
-6118 -488 589
-6490 -32 27
-6489 -58 876
-6007 673 969
-6586 1449 982
-6875 511 193
-6703 424 315
-6614 726 915
-6800 -169 730
-7381 272 905
-7286 1172 14
-7290 1185 814
-6672 656 412
-6413 336 559
-6174 841 186
-6209 659 709
-6399 1342 753
-6976 1825 273
-7154 2031 332
-7072 1710 847
-7677 1118 230
-7745 899 611
-7293 488 807
-7406 -311 94
-7404 -404 656
-7144 -1006 481
-7481 -1349 929
-7454 -421 895
-6968 -1172 249
-6826 -1376 535
-6850 -1910 390
-6575 -2186 8
-6574 -2193 800
-7286 -1829 235
-7456 -1991 234
-7452 -1758 764
-7036 -1118 121
-7019 -999 217
-6969 -1210 458
-7043 -1661 536
-6639 -2013 167
-6587 -1855 357
-6702 -2192 531
-7053 -1794 785
-6573 -1173 153
-6675 -1287 939
-6258 -446 88
-6341 -417 611
-6227 -1017 657
-6421 -390 961
-6343 -1347 167
-6258 -1204 130
-6247 -1333 613
-6301 -1943 859
-6064 -1118 611
-6541 -1499 403
-6664 -1116 33
-6673 -1147 365
-6938 -1397 930
-7817 -1094 907
-7678 -1990 954
-8259 -1234 980
-7644 -1997 48
-7614 -2034 622
-8232 -1964 700
-8208 -1265 195
-8219 -1071 697
-8163 -377 776
-7951 369 116
-7979 481 137
-8093 406 962
-8497 1279 622
-8483 658 285
-8642 422 689
-8547 1104 712
-9145 718 53
-9118 673 678
-8861 1300 488
-9020 839 30
-9017 868 777
-9165 1630 409
-8920 1957 954
-9710 1423 786
-9333 2112 555
-9792 2424 609
-9517 2967 529
-9802 3412 36
-9786 3444 546
-9918 2915 315
-9726 2666 547
-9534 3178 440
-9425 2752 842
-8919 3424 484
-9152 3000 288
-9303 3245 532
-9384 3770 681
-9082 4380 964
-9192 3423 775
-8900 4140 818
-9655 4454 779
-9080 3929 92
-8989 3942 998
-8130 3434 221
-7939 3545 882
-8147 4402 979
-7609 5219 981
-7064 6034 309
-7161 6327 111
-7073 6260 458
-7479 6049 907
-6982 5291 317
-7058 5598 323
-7218 5878 708
-6978 5212 21
-6963 5226 876
-7510 5910 432
-7163 5653 414
-7102 6062 407
-6743 5871 565
-6813 6431 700
-6707 5740 653
-6966 6339 766
-7062 5580 853
-6429 6151 259
-6423 6409 285
-6426 6693 918
-5769 7334 169
-5937 7316 553
-6098 6787 587
-6005 7366 795
-5539 8010 196
-5586 7820 364
-5329 7563 203
-5422 7383 828
-5598 8192 795
-5476 8977 575
-5705 8450 849
-5461 9263 978
-5158 8334 74
-5223 8299 496
-5210 7804 149
-5133 7931 93
-5073 8002 280
-5195 8254 377
-5143 8627 972
-5918 9213 828
-6260 8459 881
-5961 7631 152
-6050 7508 285
-5840 7700 940
-6047 6784 893
-6029 7676 462
-6487 7736 946
-7194 8364 271
-7361 8151 758
-7848 8731 947
-8012 9663 508
-8099 9163 904
-8472 9986 229
-8587 9788 120
-8597 9907 691
-8916 9295 67
-8977 9268 500
-9414 9510 838
-9356 8675 64
-9309 8632 648
-9633 9193 323
-9528 9498 478
-9871 9830 165
-9920 9987 903
-9343 9293 900
-9189 8407 624
-8710 8806 119
-8773 8706 715
-8709 7994 317
-8658 7682 509
-8629 8190 779
-8551 7415 708
-8444 8114 192
-8342 8276 56
-8340 8331 214
-8245 8522 364
-7922 8355 238
-7762 8179 956
-7268 8997 784
-6752 8407 598
-6456 7888 264
-6443 8151 369
-6665 7857 265
-6681 8121 999
-7603 8505 486
-7646 8989 198
-7828 8912 843
-7957 9745 875
-7829 8880 288
-7986 8639 549
-7735 9127 901
-6973 9607 968
-6296 8916 79
-6282 8993 926
-5453 9405 1
-5453 9406 239
-5500 9172 987
-5453 8187 266
-5522 8443 681
-4965 8052 518
-5082 8556 717
-5688 8939 838
-5182 8272 296
-5198 8567 41
-5210 8606 698
-5236 9303 79
-5230 9225 597
-5118 8639 899
-4624 9390 851
-5405 9727 322
-5315 9418 251
-5124 9580 98
-5110 9484 795
-5521 8804 151
-5496 8952 601
-5845 9441 960
-5473 8557 799
-5385 9351 590
-4812 9211 660
-4747 9867 591
-4834 9283 741
-4271 8802 205
-4135 8955 710
-3724 9533 1
-3724 9534 879
-4352 8919 248
-4240 8698 267
-4395 8481 612
-4089 7951 723
-3437 7639 345
-3663 7899 806
-3606 8702 14
-3595 8710 954
-3403 7776 450
-3011 7996 152
-3088 7865 416
-2937 8252 467
-3117 8682 779
-3232 9452 449
-3428 9855 754
-3671 9142 428
-4081 9020 730
-3764 8363 837
-4209 9071 57
-4173 9115 271
-4223 8849 690
-4844 9149 697
-5516 8964 214
-5556 9174 115
-5669 9195 572
-5731 9763 55
-5748 9711 792
-5070 9302 169
-5019 9463 727
-5033 8737 112
-5035 8848 720
-5594 8395 618
-5638 9011 947
-6454 9491 155
-6419 9341 61
-6371 9304 46
-6329 9286 370
-6273 9651 953
-6487 8723 865
-6953 7995 781
-6221 8267 220
-6093 8445 500
-5662 8192 100
-5675 8291 41
-5658 8254 720
-6114 7697 587
-5991 8270 407
-5958 8675 433
-5569 8865 616
-5860 8323 142
-5778 8208 153
-5726 8351 822
-5994 9128 709
-6641 8839 335
-6395 9066 460
-6119 9434 977
-6900 8848 494
-6461 8622 335
-6462 8288 322
-6449 8609 916
-6758 9471 731
-6040 9334 709
-6507 8801 433
-6425 9226 233
-6311 9023 439
-5973 8743 604
-5844 8153 311
-6017 8411 651
-6498 8849 538
-6192 8407 365
-6315 8750 597
-5799 9050 388
-5753 8665 541
-5920 8151 314
-5655 7983 236
-5755 8196 260
-5989 8083 360
-5724 7840 602
-5408 8352 466
-5349 8814 308
-5243 9103 396
-4900 8906 182
-4985 9066 106
-4908 9138 876
-4854 8264 842
-4814 9105 846
-5528 9558 891
-5777 8703 765
-5347 9335 545
-5404 9877 707
-5996 9491 678
-6067 8817 460
-5976 8367 218
-6028 8578 711
-5382 8874 479
-5420 8397 485
-5815 8678 16
-5815 8694 462
-6138 8364 462
-5924 8773 706
-5825 8074 57
-5874 8103 10
-5868 8111 292
-6107 7944 763
-5399 7660 100
-5482 7715 370
-5263 7417 649
-5188 8061 16
-5186 8046 484
-5585 8319 487
-5773 8768 967
-6133 7871 266
-6389 7943 727
-6475 8664 705
-7086 8313 509
-7074 7805 410
-6696 7647 248
-6624 7884 560
-6594 8443 756
-6848 7731 152
-6966 7826 461
-7149 7403 639
-7512 6878 948
-8091 7628 188
-8037 7808 608
-8491 7404 155
-8387 7290 614
-7814 7070 80
-7843 6996 82
-7784 7052 80
-7809 6977 3
-7809 6974 499
-8269 6781 610
-7773 7136 852
-7212 7777 362
-7428 8067 174
-7424 8240 369
-7720 8020 760
-7720 7260 405
-7576 7638 610
-7508 7032 128
-7586 7133 902
-6972 6473 652
-6429 6113 47
-6423 6159 575
-6063 6607 508
-6055 7114 944
-5246 7600 101
-5294 7512 743
-5118 6791 972
-5120 7762 288
-4986 8016 558
-4529 8336 984
-5076 9153 695
-4846 8498 494
-5187 8855 985
-5238 7872 219
-5450 7926 813
-5837 8640 130
-5732 8564 583
-5963 9099 992
-5573 8187 716
-6090 8682 113
-6182 8747 808
-6769 8192 938
-6050 8794 221
-5957 8594 150
-6029 8463 219
-6033 8245 795
-6384 8958 14
-6385 8971 441
-5985 8786 625
-5477 8422 185
-5463 8606 447
-5215 8235 600
-5690 7869 772
-5640 7099 260
-5682 6843 344
-5731 7183 413
-5625 6784 443
-5310 6473 101
-5273 6380 58
-5283 6437 984
-4381 6044 208
-4471 6231 228
-4549 6017 157
-4449 5896 202
-4586 6044 850
-4298 5245 738
-4556 5936 730
-5014 5368 730
-5008 4639 163
-5144 4550 592
-5364 5099 546
-5300 4557 939
-5998 3929 474
-5985 3456 933
-6091 2530 85
-6114 2611 899
-6975 2353 624
-6878 1737 907
-7174 2594 539
-7480 2151 820
-7811 1401 95
-7883 1340 505
-7576 940 253
-7507 697 758
-7965 1300 821
-7769 503 497
-7566 50 932
-8422 -318 73
-8483 -358 300
-8415 -66 962
-8856 -920 800
-8523 -1647 135
-8508 -1781 972
-8316 -2733 678
-7651 -2865 921
-7259 -2032 855
-7680 -1288 382
-7544 -932 517
-7570 -1448 631
-8165 -1658 962
-8531 -2547 322
-8229 -2658 39
-8203 -2629 285
-8195 -2345 841
-7689 -3016 833
-8422 -2621 268
-8317 -2375 969
-7889 -1506 132
-7928 -1380 667
-7583 -1950 726
-7537 -2674 765
-8052 -3239 451
-8389 -2940 728
-7901 -3480 165
-7815 -3620 65
-7771 -3573 488
-7834 -3090 642
-8160 -2537 202
-7990 -2646 765
-7276 -2372 474
-7696 -2591 713
-8264 -2161 948
-8811 -2935 274
-8850 -3206 946
-8702 -4140 917
-9122 -3325 940
-9984 -2951 248
-9846 -2745 222
-9692 -2586 475
-9239 -2444 154
-9234 -2597 956
-8972 -1678 483
-8721 -1266 11
-8713 -1259 663
-9071 -1817 723
-8466 -2212 287
-8265 -2008 924
-8255 -2931 927
-9005 -3475 850
-8425 -4096 170
-8334 -3953 923
-8692 -4803 911
-9055 -3968 853
-9015 -3116 590
-8916 -3697 676
-9368 -3195 555
-9765 -2808 89
-9839 -2759 762
-9822 -3520 275
-9616 -3338 162
-9530 -3201 818
-8901 -3723 249
-8771 -3511 394
-8847 -3125 930
-8127 -2537 471
-8480 -2848 533
-7982 -2659 591
-8081 -3241 827
-8440 -2496 606
-7988 -2093 95
-8042 -2171 128
-8021 -2297 502
-8305 -2710 946
-9197 -2395 47
-9175 -2436 692
-9075 -3120 988
-9269 -2152 336
-9571 -2299 975
-8775 -2862 958
-9371 -2112 560
-9308 -2668 674
-8734 -2315 812
-8036 -1901 757
-7414 -1470 34
-7415 -1437 171
-7355 -1597 857
-8196 -1433 172
-8210 -1604 601
-8251 -2203 712
-7716 -2672 788
-8026 -1948 300
-7759 -1812 118
-7790 -1925 75
-7827 -1990 854
-7491 -2775 78
-7452 -2708 58
-7431 -2762 556
-7426 -2207 22
-7445 -2196 641
-6853 -1951 461
-6571 -1587 731
-7169 -1167 366
-6984 -1482 239
-7193 -1597 856
-7152 -2452 1000
-6952 -1473 45
-6954 -1429 952
-6412 -647 370
-6135 -892 909
-6112 16 557
-6037 -535 765
-5308 -766 661
-5138 -128 201
-5172 70 974
-5989 -460 365
-6254 -710 466
-5876 -982 486
-6189 -1353 680
-6624 -1875 874
-7407 -2263 351
-7360 -1916 939
-7318 -978 227
-7525 -885 740
-7979 -1469 231
-7975 -1699 689
-8388 -1148 313
-8406 -1460 435
-7983 -1359 106
-8063 -1428 306
-7787 -1296 466
-7626 -1733 888
-6947 -1161 759
-6208 -1334 740
-6878 -1020 439
-6611 -1368 812
-5981 -1880 664
-5816 -2523 921
-6318 -3295 719
-6550 -2615 390
-6308 -2920 565
-6137 -3458 929
-6010 -4378 387
-6241 -4688 32
-6228 -4717 991
-6794 -3904 701
-7254 -4432 260
-7356 -4193 218
-7336 -4410 782
-7320 -3629 517
-7568 -4082 387
-7759 -3746 453
-8154 -3525 618
-8397 -2957 266
-8365 -3221 223
-8233 -3042 360
-7942 -3253 829
-8444 -2594 12
-8439 -2604 930
-9183 -2046 853
-9661 -2752 694
-9270 -2179 55
-9265 -2125 223
-9413 -1959 630
-9269 -2572 990
-9099 -3547 843
-9859 -3183 479
-9495 -2872 5
-9496 -2868 574
-9575 -3436 492
-9091 -3348 609
-9552 -3745 525
-9892 -3345 226
-9917 -3121 797
-9942 -3917 353
-9694 -4168 5
-9694 -4173 30
-9721 -4186 23
-9703 -4172 940
-9556 -5100 167
-9609 -5258 137
-9737 -5306 402
-9728 -5707 220
-9935 -5633 922
-9061 -5340 118
-9033 -5454 207
-9140 -5277 473
-9121 -5749 262
-9004 -5983 635
-9198 -6587 502
-9486 -6998 203
-9657 -6889 166
-9524 -6790 666
-9184 -6218 264
-9125 -6475 580
-9370 -7000 65
-9390 -7061 364
-9399 -6698 358
-9415 -7055 74
-9380 -7120 71
-9404 -7186 424
-9099 -6892 991
-8807 -7839 320
-8561 -7635 497
-8947 -7322 343
-8693 -7092 612
-9049 -6595 517
-8850 -7072 680
-9094 -7706 947
-9171 -8649 342
-8867 -8493 370
-8962 -8136 772
-9522 -8667 466
-9639 -8216 78
-9599 -8150 392
-9507 -7769 221
-9686 -7640 846
-9358 -6861 707
-8675 -6679 755
-9182 -6120 589
-9667 -6454 750
-9399 -7154 743
-9503 -7889 181
-9467 -7712 766
-9733 -8430 297
-9595 -8692 316
-9897 -8599 942
-9409 -7794 281
-9181 -7958 535
-9280 -8483 658
-9801 -8884 51
-9814 -8933 763
-9748 -8173 333
-9809 -7846 398
-9546 -7548 643
-9019 -7916 130
-9086 -7805 717
-9664 -7381 694
-9305 -7974 911
-9924 -8642 888
-9698 -9500 78
-9684 -9576 474
-9476 -9151 22
-9457 -9140 670
-9167 -8537 475
-9365 -8968 441
-9376 -9408 926
-8600 -8903 974
-9480 -8486 669
-8849 -8708 570
-8346 -8440 104
-8285 -8356 807
-7882 -9055 477
-7947 -8583 432
-8158 -8207 624
-7850 -8749 731
-8343 -8210 27
-8355 -8234 762
-9016 -8613 405
-9162 -8236 782
-9824 -7820 588
-9963 -8391 502
-9614 -8751 980
-8945 -8035 894
-8826 -8921 254
-8823 -8668 304
-9054 -8865 802
-9205 -8078 758
-8626 -7589 372
-8636 -7218 340
-8308 -7307 786
-8463 -6537 330
-8431 -6209 59
-8477 -6173 520
-8262 -5700 249
-8436 -5522 872
-9125 -6056 216
-9189 -6262 648
-9722 -5894 732
-9408 -5233 548
-9740 -4798 670
-9084 -4934 615
-8889 -5517 219
-8900 -5735 771
-9242 -6425 635
-8970 -5852 703
-9421 -6391 512
-9508 -5887 763
-9290 -5156 745
-8952 -4493 873
-9581 -3888 760
-8894 -4213 667
-8733 -4860 548
-8843 -5396 136
-8726 -5327 289
-8562 -5564 599
-8043 -5863 753
-7790 -5154 729
-7698 -4431 350
-7630 -4774 115
-7663 -4664 548
-7622 -4118 489
-7965 -3770 779
-7291 -4160 484
-6997 -3776 795
-6499 -4395 509
-7001 -4479 791
-7114 -3697 687
-7441 -3093 354
-7511 -2746 176
-7565 -2913 388
-7798 -3223 631
-8014 -3815 756
-8531 -3264 527
-8910 -2898 759
-9655 -2753 522
-9686 -2232 768
-9281 -2884 954
-9289 -3837 844
-9473 -3014 469
-9771 -3376 345
-9743 -3719 110
-9732 -3610 546
-9943 -3107 245
-9791 -2915 840
-9825 -2076 395
-9592 -1758 17
-9595 -1774 520
-9752 -1279 318
-9539 -1043 577
-9867 -569 499
-9448 -299 284
-9629 -517 401
-9770 -142 771
-9836 626 227
-9998 785 321
-9879 1083 37
-9902 1111 638
-9784 485 471
-9846 19 28
-9862 41 759
-9302 -471 998
-9442 -1459 847
-9368 -2302 939
-8742 -3001 555
-8957 -2490 994
-8185 -1864 673
-8497 -1268 634
-8194 -1824 861
-7712 -1111 694
-7672 -1803 831
-6987 -1333 897
-7141 -450 94
-7134 -543 162
-7213 -402 328
-7084 -703 721
-6510 -1139 55
-6493 -1191 519
-6348 -1689 101
-6329 -1788 57
-6278 -1813 584
-6414 -1246 334
-6318 -927 78
-6349 -856 756
-5647 -1136 113
-5617 -1244 878
-5300 -2062 676
-4929 -2627 40
-4890 -2635 164
-4911 -2797 120
-4984 -2702 824
-4722 -3483 375
-4891 -3149 209
-4954 -3348 990
-5102 -2370 874
-5629 -3067 137
-5598 -3200 552
-5843 -2706 607
-5297 -2971 674
-4634 -3092 983
-4302 -4017 121
-4348 -3906 251
-4129 -3784 801
-4717 -4327 880
-5133 -5102 518
-4997 -5601 940
-4194 -5113 160
-4103 -5244 94
-4156 -5167 279
-4200 -4892 738
-4553 -4244 974
-3935 -4996 802
-3386 -5580 707
-3781 -4994 205
-3780 -5198 469
-3787 -4730 210
-3982 -4807 452
-4337 -5086 213
-4204 -4920 749
-4258 -5667 745
-4626 -5020 963
-4899 -4097 373
-4997 -4456 294
-4883 -4726 247
-4702 -4894 639
-4867 -4277 578
-4635 -4806 745
-3978 -4455 243
-3838 -4257 810
-4413 -3687 648
-3786 -3524 527
-3390 -3871 736
-4075 -4140 243
-3860 -4253 117
-3886 -4367 32
-3903 -4340 444
-4192 -4003 907
-3912 -4865 538
-3449 -4592 684
-3193 -3958 641
-3758 -4260 739
-4170 -4873 297
-3968 -4656 188
-4107 -4782 470
-4110 -4313 379
-3785 -4119 968
-3819 -3152 584
-3621 -3701 942
-3879 -4606 52
-3852 -4650 257
-3791 -4899 58
-3785 -4842 23
-3792 -4863 230
-3564 -4833 469
-3671 -4377 1000
-4135 -5262 371
-4279 -4921 58
-4317 -4878 148
-4280 -5021 749
-4255 -5769 890
-4252 -6658 504
-4465 -7114 6
-4468 -7119 505
-4042 -7390 197
-4087 -7581 40
-4101 -7618 19
-4096 -7636 139
-4099 -7498 756
-3898 -6770 548
-3959 -6226 453
-3752 -6628 44
-3724 -6661 175
-3559 -6603 684
-3029 -7035 404
-2632 -6961 326
-2333 -6832 624
-2859 -6497 784
-2539 -5782 672
-3006 -5299 72
-3036 -5364 422
-2880 -4972 480
-2574 -5341 98
-2640 -5269 835
-3139 -4600 370
-2926 -4298 446
-2559 -4045 162
-2715 -4088 991
-2229 -4951 396
-2284 -4559 97
-2326 -4646 33
-2307 -4620 526
-2401 -4103 726
-2308 -3383 907
-1959 -4220 368
-2005 -3855 215
-1956 -4064 103
-2028 -3991 571
-1551 -3678 62
-1606 -3650 434
-1971 -3884 504
-1671 -4288 26
-1684 -4266 229
-1795 -4066 482
-1811 -4547 514
-2060 -4098 921
-2662 -3401 420
-2934 -3721 845
-3557 -4291 269
-3401 -4072 953
-3625 -3146 421
-3603 -3566 436
-3234 -3334 42
-3200 -3310 129
-3146 -3427 751
-2999 -4163 177
-3023 -3988 120
-3142 -3973 322
-3110 -4293 676
-2866 -4923 339
-2928 -4590 994
-2834 -5579 237
-2689 -5766 220
-2880 -5657 107
-2945 -5573 686
-3238 -6193 370
-3102 -5849 383
-2826 -6114 401
-2895 -6509 190
-3009 -6357 818
-3236 -5572 125
-3138 -5495 206
-3315 -5600 242
-3391 -5371 909
-3336 -4464 784
-2940 -3788 427
-2784 -4185 634
-3091 -3631 507
-3354 -4064 960
-3667 -3157 464
-3643 -2694 728
-3321 -3346 990
-3181 -4326 238
-3125 -4095 189
-3174 -4277 571
-3199 -3707 718
-3314 -4415 673
-3829 -3982 675
-3778 -4655 20
-3765 -4640 898
-4389 -3995 698
-3783 -3649 67
-3809 -3710 188
-3836 -3896 309
-3879 -4201 314
-4058 -3944 660
-4430 -4489 394
-4142 -4221 478
-4585 -4400 930
-4428 -3484 168
-4303 -3372 649
-4536 -3977 29
-4519 -4000 193
-4670 -4120 463
-4680 -4582 415
-4488 -4215 731
-4935 -3637 113
-4992 -3734 545
-5472 -3992 590
-5916 -3604 138
-6001 -3496 225
-6113 -3301 560
-6378 -3794 254
-6264 -4020 224
-6486 -3991 987
-6419 -3007 722
-5986 -2430 720
-6558 -1993 575
-6971 -1593 327
-6711 -1791 810
-6664 -983 732
-7237 -1438 936
-6714 -662 709
-7184 -1192 7
-7184 -1199 106
-7191 -1094 722
-7318 -1804 357
-7334 -1448 178
-7324 -1625 547
-7143 -1109 974
-7095 -137 578
-7107 -714 188
-7185 -885 104
-7100 -826 165
-6993 -951 161
-7105 -836 916
-7819 -263 473
-7691 -718 447
-7407 -373 310
-7114 -474 660
-7464 85 679
-7108 -493 189
-6996 -341 751
-6517 -919 444
-6344 -511 793
-6171 262 839
-6967 527 773
-6463 -59 812
-6244 722 714
-5546 872 381
-5387 1218 993
-5746 293 989
-5133 1069 704
-5445 438 193
-5384 255 492
-5720 -104 672
-5612 -767 605
-5528 -168 611
-6052 -482 389
-6213 -836 757
-6099 -1584 609
-5746 -1088 803
-5564 -306 854
-5298 -1117 220
-5297 -1336 68
-5267 -1397 121
-5233 -1513 702
-5928 -1611 374
-5926 -1984 728
-6020 -2705 999
-6685 -3450 623
-6764 -2833 259
-7009 -2749 4
-7009 -2753 700
-7263 -2101 681
-7196 -1424 164
-7097 -1294 897
-7400 -2138 914
-8002 -1451 268
-7901 -1699 546
-7389 -1510 40
-7351 -1522 504
-6906 -1758 336
-6798 -1440 533
-7054 -973 681
-7250 -1625 231
-7197 -1401 295
-7452 -1253 405
-7637 -1613 724
-7011 -1976 472
-6557 -1847 905
-7362 -2260 100
-7295 -2186 435
-7148 -1777 204
-7336 -1856 703
-7541 -2528 320
-7724 -2266 101
-7790 -2190 586
-7858 -2772 424
-7942 -2357 484
-7582 -2034 275
-7421 -2256 179
-7426 -2434 781
-6849 -2960 423
-6452 -3106 286
-6167 -3129 472
-6634 -3197 223
-6699 -3410 434
-6717 -2977 589
-6229 -2648 817
-6928 -3070 519
-7442 -3141 773
-7959 -2567 427
-7754 -2941 95
-7738 -3034 268
-7608 -2800 417
-7298 -2522 270
-7374 -2781 338
-7707 -2838 48
-7747 -2812 311
-7503 -2620 608
-7217 -2084 555
-7149 -1534 186
-7306 -1435 743
-7969 -1100 433
-7754 -725 697
-7134 -407 404
-6974 -37 361
-7002 -396 434
-6805 -782 967
-7668 -346 141
-7702 -482 310
-7403 -401 451
-7277 -834 852
-7916 -271 391
-7849 -656 271
-7790 -392 132
-7671 -449 344
-7597 -114 626
-7592 -739 779
-8238 -1174 230
-8123 -1373 893
-8362 -2233 166
-8462 -2101 84
-8478 -2183 2
-8478 -2185 666
-8867 -2725 812
-8337 -3340 962
-9134 -2802 808
-8493 -2311 977
-8902 -1424 220
-8793 -1615 702
-8474 -2240 665
-8602 -1588 193
-8678 -1765 695
-8230 -1234 559
-8775 -1110 780
-9552 -1178 772
-9036 -604 734
-9536 -67 535
-9119 -402 483
-8824 -784 785
-8161 -364 744
-8846 -74 837
-8659 -889 103
-8694 -793 49
-8668 -752 918
-9096 -1564 892
-9513 -2352 790
-9459 -1564 349
-9599 -1245 577
-9642 -670 770
-9127 -98 379
-8992 -452 798
-8759 311 954
-9175 1169 152
-9247 1302 806
-8987 540 890
-9777 131 265
-9636 -93 872
-8885 350 773
-9654 428 749
-9570 -316 81
-9502 -360 781
-9503 -1140 204
