1201
-300 9999 1
-298 9999 1
-296 9999 1
-294 9999 1
-292 9999 1
-290 9999 1
-288 9999 1
-286 9999 1
-284 9999 1
-282 9999 1
-280 9999 1
-278 9999 1
-276 9999 1
-274 9999 1
-272 9999 1
-270 9999 1
-268 9999 1
-266 9999 1
-264 9999 1
-262 9999 1
-260 9999 1
-258 9999 1
-256 9999 1
-254 9999 1
-252 9999 1
-250 9999 1
-248 9999 1
-246 9999 1
-244 9999 1
-242 9999 1
-240 9999 1
-238 9999 1
-236 9999 1
-234 9999 1
-232 9999 1
-230 9999 1
-228 9999 1
-226 9999 1
-224 9999 1
-222 9999 1
-220 9999 1
-218 9999 1
-216 9999 1
-214 9999 1
-212 9999 1
-210 9999 1
-208 9999 1
-206 9999 1
-204 9999 1
-202 9999 1
-200 9999 1
-198 9999 1
-196 9999 1
-194 9999 1
-192 9999 1
-190 9999 1
-188 9999 1
-186 9999 1
-184 9999 1
-182 9999 1
-180 9999 1
-178 9999 1
-176 9999 1
-174 9999 1
-172 9999 1
-170 9999 1
-168 9999 1
-166 9999 1
-164 9999 1
-162 9999 1
-160 9999 1
-158 9999 1
-156 9999 1
-154 9999 1
-152 9999 1
-150 9999 1
-148 9999 1
-146 9999 1
-144 9999 1
-142 9999 1
-140 9999 1
-138 9999 1
-136 9999 1
-134 9999 1
-132 9999 1
-130 9999 1
-128 9999 1
-126 9999 1
-124 9999 1
-122 9999 1
-120 9999 1
-118 9999 1
-116 9999 1
-114 9999 1
-112 9999 1
-110 9999 1
-108 9999 1
-106 9999 1
-104 9999 1
-102 9999 1
-100 9999 1
-98 9999 1
-96 9999 1
-94 9999 1
-92 9999 1
-90 9999 1
-88 9999 1
-86 9999 1
-84 9999 1
-82 9999 1
-80 9999 1
-78 9999 1
-76 9999 1
-74 9999 1
-72 9999 1
-70 9999 1
-68 9999 1
-66 9999 1
-64 9999 1
-62 9999 1
-60 9999 1
-58 9999 1
-56 9999 1
-54 9999 1
-52 9999 1
-50 9999 1
-48 9999 1
-46 9999 1
-44 9999 1
-42 9999 1
-40 9999 1
-38 9999 1
-36 9999 1
-34 9999 1
-32 9999 1
-30 9999 1
-28 9999 1
-26 9999 1
-24 9999 1
-22 9999 1
-20 9999 1
-18 9999 1
-16 9999 1
-14 9999 1
-12 9999 1
-10 9999 1
-8 9999 1
-6 9999 1
-4 9999 1
-2 9999 1
0 9999 1
2 9999 1
4 9999 1
6 9999 1
8 9999 1
10 9999 1
12 9999 1
14 9999 1
16 9999 1
18 9999 1
20 9999 1
22 9999 1
24 9999 1
26 9999 1
28 9999 1
30 9999 1
32 9999 1
34 9999 1
36 9999 1
38 9999 1
40 9999 1
42 9999 1
44 9999 1
46 9999 1
48 9999 1
50 9999 1
52 9999 1
54 9999 1
56 9999 1
58 9999 1
60 9999 1
62 9999 1
64 9999 1
66 9999 1
68 9999 1
70 9999 1
72 9999 1
74 9999 1
76 9999 1
78 9999 1
80 9999 1
82 9999 1
84 9999 1
86 9999 1
88 9999 1
90 9999 1
92 9999 1
94 9999 1
96 9999 1
98 9999 1
100 9999 1
102 9999 1
104 9999 1
106 9999 1
108 9999 1
110 9999 1
112 9999 1
114 9999 1
116 9999 1
118 9999 1
120 9999 1
122 9999 1
124 9999 1
126 9999 1
128 9999 1
130 9999 1
132 9999 1
134 9999 1
136 9999 1
138 9999 1
140 9999 1
142 9999 1
144 9999 1
146 9999 1
148 9999 1
150 9999 1
152 9999 1
154 9999 1
156 9999 1
158 9999 1
160 9999 1
162 9999 1
164 9999 1
166 9999 1
168 9999 1
170 9999 1
172 9999 1
174 9999 1
176 9999 1
178 9999 1
180 9999 1
182 9999 1
184 9999 1
186 9999 1
188 9999 1
190 9999 1
192 9999 1
194 9999 1
196 9999 1
198 9999 1
200 9999 1
202 9999 1
204 9999 1
206 9999 1
208 9999 1
210 9999 1
212 9999 1
214 9999 1
216 9999 1
218 9999 1
220 9999 1
222 9999 1
224 9999 1
226 9999 1
228 9999 1
230 9999 1
232 9999 1
234 9999 1
236 9999 1
238 9999 1
240 9999 1
242 9999 1
244 9999 1
246 9999 1
248 9999 1
250 9999 1
252 9999 1
254 9999 1
256 9999 1
258 9999 1
260 9999 1
262 9999 1
264 9999 1
266 9999 1
268 9999 1
270 9999 1
272 9999 1
274 9999 1
276 9999 1
278 9999 1
280 9999 1
282 9999 1
284 9999 1
286 9999 1
288 9999 1
290 9999 1
292 9999 1
294 9999 1
296 9999 1
298 9999 1
-300 -9999 1
-298 -9999 1
-296 -9999 1
-294 -9999 1
-292 -9999 1
-290 -9999 1
-288 -9999 1
-286 -9999 1
-284 -9999 1
-282 -9999 1
-280 -9999 1
-278 -9999 1
-276 -9999 1
-274 -9999 1
-272 -9999 1
-270 -9999 1
-268 -9999 1
-266 -9999 1
-264 -9999 1
-262 -9999 1
-260 -9999 1
-258 -9999 1
-256 -9999 1
-254 -9999 1
-252 -9999 1
-250 -9999 1
-248 -9999 1
-246 -9999 1
-244 -9999 1
-242 -9999 1
-240 -9999 1
-238 -9999 1
-236 -9999 1
-234 -9999 1
-232 -9999 1
-230 -9999 1
-228 -9999 1
-226 -9999 1
-224 -9999 1
-222 -9999 1
-220 -9999 1
-218 -9999 1
-216 -9999 1
-214 -9999 1
-212 -9999 1
-210 -9999 1
-208 -9999 1
-206 -9999 1
-204 -9999 1
-202 -9999 1
-200 -9999 1
-198 -9999 1
-196 -9999 1
-194 -9999 1
-192 -9999 1
-190 -9999 1
-188 -9999 1
-186 -9999 1
-184 -9999 1
-182 -9999 1
-180 -9999 1
-178 -9999 1
-176 -9999 1
-174 -9999 1
-172 -9999 1
-170 -9999 1
-168 -9999 1
-166 -9999 1
-164 -9999 1
-162 -9999 1
-160 -9999 1
-158 -9999 1
-156 -9999 1
-154 -9999 1
-152 -9999 1
-150 -9999 1
-148 -9999 1
-146 -9999 1
-144 -9999 1
-142 -9999 1
-140 -9999 1
-138 -9999 1
-136 -9999 1
-134 -9999 1
-132 -9999 1
-130 -9999 1
-128 -9999 1
-126 -9999 1
-124 -9999 1
-122 -9999 1
-120 -9999 1
-118 -9999 1
-116 -9999 1
-114 -9999 1
-112 -9999 1
-110 -9999 1
-108 -9999 1
-106 -9999 1
-104 -9999 1
-102 -9999 1
-100 -9999 1
-98 -9999 1
-96 -9999 1
-94 -9999 1
-92 -9999 1
-90 -9999 1
-88 -9999 1
-86 -9999 1
-84 -9999 1
-82 -9999 1
-80 -9999 1
-78 -9999 1
-76 -9999 1
-74 -9999 1
-72 -9999 1
-70 -9999 1
-68 -9999 1
-66 -9999 1
-64 -9999 1
-62 -9999 1
-60 -9999 1
-58 -9999 1
-56 -9999 1
-54 -9999 1
-52 -9999 1
-50 -9999 1
-48 -9999 1
-46 -9999 1
-44 -9999 1
-42 -9999 1
-40 -9999 1
-38 -9999 1
-36 -9999 1
-34 -9999 1
-32 -9999 1
-30 -9999 1
-28 -9999 1
-26 -9999 1
-24 -9999 1
-22 -9999 1
-20 -9999 1
-18 -9999 1
-16 -9999 1
-14 -9999 1
-12 -9999 1
-10 -9999 1
-8 -9999 1
-6 -9999 1
-4 -9999 1
-2 -9999 1
0 -9999 1
2 -9999 1
4 -9999 1
6 -9999 1
8 -9999 1
10 -9999 1
12 -9999 1
14 -9999 1
16 -9999 1
18 -9999 1
20 -9999 1
22 -9999 1
24 -9999 1
26 -9999 1
28 -9999 1
30 -9999 1
32 -9999 1
34 -9999 1
36 -9999 1
38 -9999 1
40 -9999 1
42 -9999 1
44 -9999 1
46 -9999 1
48 -9999 1
50 -9999 1
52 -9999 1
54 -9999 1
56 -9999 1
58 -9999 1
60 -9999 1
62 -9999 1
64 -9999 1
66 -9999 1
68 -9999 1
70 -9999 1
72 -9999 1
74 -9999 1
76 -9999 1
78 -9999 1
80 -9999 1
82 -9999 1
84 -9999 1
86 -9999 1
88 -9999 1
90 -9999 1
92 -9999 1
94 -9999 1
96 -9999 1
98 -9999 1
100 -9999 1
102 -9999 1
104 -9999 1
106 -9999 1
108 -9999 1
110 -9999 1
112 -9999 1
114 -9999 1
116 -9999 1
118 -9999 1
120 -9999 1
122 -9999 1
124 -9999 1
126 -9999 1
128 -9999 1
130 -9999 1
132 -9999 1
134 -9999 1
136 -9999 1
138 -9999 1
140 -9999 1
142 -9999 1
144 -9999 1
146 -9999 1
148 -9999 1
150 -9999 1
152 -9999 1
154 -9999 1
156 -9999 1
158 -9999 1
160 -9999 1
162 -9999 1
164 -9999 1
166 -9999 1
168 -9999 1
170 -9999 1
172 -9999 1
174 -9999 1
176 -9999 1
178 -9999 1
180 -9999 1
182 -9999 1
184 -9999 1
186 -9999 1
188 -9999 1
190 -9999 1
192 -9999 1
194 -9999 1
196 -9999 1
198 -9999 1
200 -9999 1
202 -9999 1
204 -9999 1
206 -9999 1
208 -9999 1
210 -9999 1
212 -9999 1
214 -9999 1
216 -9999 1
218 -9999 1
220 -9999 1
222 -9999 1
224 -9999 1
226 -9999 1
228 -9999 1
230 -9999 1
232 -9999 1
234 -9999 1
236 -9999 1
238 -9999 1
240 -9999 1
242 -9999 1
244 -9999 1
246 -9999 1
248 -9999 1
250 -9999 1
252 -9999 1
254 -9999 1
256 -9999 1
258 -9999 1
260 -9999 1
262 -9999 1
264 -9999 1
266 -9999 1
268 -9999 1
270 -9999 1
272 -9999 1
274 -9999 1
276 -9999 1
278 -9999 1
280 -9999 1
282 -9999 1
284 -9999 1
286 -9999 1
288 -9999 1
290 -9999 1
292 -9999 1
294 -9999 1
296 -9999 1
298 -9999 1
-9999 -300 1
-9999 -298 1
-9999 -296 1
-9999 -294 1
-9999 -292 1
-9999 -290 1
-9999 -288 1
-9999 -286 1
-9999 -284 1
-9999 -282 1
-9999 -280 1
-9999 -278 1
-9999 -276 1
-9999 -274 1
-9999 -272 1
-9999 -270 1
-9999 -268 1
-9999 -266 1
-9999 -264 1
-9999 -262 1
-9999 -260 1
-9999 -258 1
-9999 -256 1
-9999 -254 1
-9999 -252 1
-9999 -250 1
-9999 -248 1
-9999 -246 1
-9999 -244 1
-9999 -242 1
-9999 -240 1
-9999 -238 1
-9999 -236 1
-9999 -234 1
-9999 -232 1
-9999 -230 1
-9999 -228 1
-9999 -226 1
-9999 -224 1
-9999 -222 1
-9999 -220 1
-9999 -218 1
-9999 -216 1
-9999 -214 1
-9999 -212 1
-9999 -210 1
-9999 -208 1
-9999 -206 1
-9999 -204 1
-9999 -202 1
-9999 -200 1
-9999 -198 1
-9999 -196 1
-9999 -194 1
-9999 -192 1
-9999 -190 1
-9999 -188 1
-9999 -186 1
-9999 -184 1
-9999 -182 1
-9999 -180 1
-9999 -178 1
-9999 -176 1
-9999 -174 1
-9999 -172 1
-9999 -170 1
-9999 -168 1
-9999 -166 1
-9999 -164 1
-9999 -162 1
-9999 -160 1
-9999 -158 1
-9999 -156 1
-9999 -154 1
-9999 -152 1
-9999 -150 1
-9999 -148 1
-9999 -146 1
-9999 -144 1
-9999 -142 1
-9999 -140 1
-9999 -138 1
-9999 -136 1
-9999 -134 1
-9999 -132 1
-9999 -130 1
-9999 -128 1
-9999 -126 1
-9999 -124 1
-9999 -122 1
-9999 -120 1
-9999 -118 1
-9999 -116 1
-9999 -114 1
-9999 -112 1
-9999 -110 1
-9999 -108 1
-9999 -106 1
-9999 -104 1
-9999 -102 1
-9999 -100 1
-9999 -98 1
-9999 -96 1
-9999 -94 1
-9999 -92 1
-9999 -90 1
-9999 -88 1
-9999 -86 1
-9999 -84 1
-9999 -82 1
-9999 -80 1
-9999 -78 1
-9999 -76 1
-9999 -74 1
-9999 -72 1
-9999 -70 1
-9999 -68 1
-9999 -66 1
-9999 -64 1
-9999 -62 1
-9999 -60 1
-9999 -58 1
-9999 -56 1
-9999 -54 1
-9999 -52 1
-9999 -50 1
-9999 -48 1
-9999 -46 1
-9999 -44 1
-9999 -42 1
-9999 -40 1
-9999 -38 1
-9999 -36 1
-9999 -34 1
-9999 -32 1
-9999 -30 1
-9999 -28 1
-9999 -26 1
-9999 -24 1
-9999 -22 1
-9999 -20 1
-9999 -18 1
-9999 -16 1
-9999 -14 1
-9999 -12 1
-9999 -10 1
-9999 -8 1
-9999 -6 1
-9999 -4 1
-9999 -2 1
-9999 0 1
-9999 2 1
-9999 4 1
-9999 6 1
-9999 8 1
-9999 10 1
-9999 12 1
-9999 14 1
-9999 16 1
-9999 18 1
-9999 20 1
-9999 22 1
-9999 24 1
-9999 26 1
-9999 28 1
-9999 30 1
-9999 32 1
-9999 34 1
-9999 36 1
-9999 38 1
-9999 40 1
-9999 42 1
-9999 44 1
-9999 46 1
-9999 48 1
-9999 50 1
-9999 52 1
-9999 54 1
-9999 56 1
-9999 58 1
-9999 60 1
-9999 62 1
-9999 64 1
-9999 66 1
-9999 68 1
-9999 70 1
-9999 72 1
-9999 74 1
-9999 76 1
-9999 78 1
-9999 80 1
-9999 82 1
-9999 84 1
-9999 86 1
-9999 88 1
-9999 90 1
-9999 92 1
-9999 94 1
-9999 96 1
-9999 98 1
-9999 100 1
-9999 102 1
-9999 104 1
-9999 106 1
-9999 108 1
-9999 110 1
-9999 112 1
-9999 114 1
-9999 116 1
-9999 118 1
-9999 120 1
-9999 122 1
-9999 124 1
-9999 126 1
-9999 128 1
-9999 130 1
-9999 132 1
-9999 134 1
-9999 136 1
-9999 138 1
-9999 140 1
-9999 142 1
-9999 144 1
-9999 146 1
-9999 148 1
-9999 150 1
-9999 152 1
-9999 154 1
-9999 156 1
-9999 158 1
-9999 160 1
-9999 162 1
-9999 164 1
-9999 166 1
-9999 168 1
-9999 170 1
-9999 172 1
-9999 174 1
-9999 176 1
-9999 178 1
-9999 180 1
-9999 182 1
-9999 184 1
-9999 186 1
-9999 188 1
-9999 190 1
-9999 192 1
-9999 194 1
-9999 196 1
-9999 198 1
-9999 200 1
-9999 202 1
-9999 204 1
-9999 206 1
-9999 208 1
-9999 210 1
-9999 212 1
-9999 214 1
-9999 216 1
-9999 218 1
-9999 220 1
-9999 222 1
-9999 224 1
-9999 226 1
-9999 228 1
-9999 230 1
-9999 232 1
-9999 234 1
-9999 236 1
-9999 238 1
-9999 240 1
-9999 242 1
-9999 244 1
-9999 246 1
-9999 248 1
-9999 250 1
-9999 252 1
-9999 254 1
-9999 256 1
-9999 258 1
-9999 260 1
-9999 262 1
-9999 264 1
-9999 266 1
-9999 268 1
-9999 270 1
-9999 272 1
-9999 274 1
-9999 276 1
-9999 278 1
-9999 280 1
-9999 282 1
-9999 284 1
-9999 286 1
-9999 288 1
-9999 290 1
-9999 292 1
-9999 294 1
-9999 296 1
-9999 298 1
9999 -300 1
9999 -298 1
9999 -296 1
9999 -294 1
9999 -292 1
9999 -290 1
9999 -288 1
9999 -286 1
9999 -284 1
9999 -282 1
9999 -280 1
9999 -278 1
9999 -276 1
9999 -274 1
9999 -272 1
9999 -270 1
9999 -268 1
9999 -266 1
9999 -264 1
9999 -262 1
9999 -260 1
9999 -258 1
9999 -256 1
9999 -254 1
9999 -252 1
9999 -250 1
9999 -248 1
9999 -246 1
9999 -244 1
9999 -242 1
9999 -240 1
9999 -238 1
9999 -236 1
9999 -234 1
9999 -232 1
9999 -230 1
9999 -228 1
9999 -226 1
9999 -224 1
9999 -222 1
9999 -220 1
9999 -218 1
9999 -216 1
9999 -214 1
9999 -212 1
9999 -210 1
9999 -208 1
9999 -206 1
9999 -204 1
9999 -202 1
9999 -200 1
9999 -198 1
9999 -196 1
9999 -194 1
9999 -192 1
9999 -190 1
9999 -188 1
9999 -186 1
9999 -184 1
9999 -182 1
9999 -180 1
9999 -178 1
9999 -176 1
9999 -174 1
9999 -172 1
9999 -170 1
9999 -168 1
9999 -166 1
9999 -164 1
9999 -162 1
9999 -160 1
9999 -158 1
9999 -156 1
9999 -154 1
9999 -152 1
9999 -150 1
9999 -148 1
9999 -146 1
9999 -144 1
9999 -142 1
9999 -140 1
9999 -138 1
9999 -136 1
9999 -134 1
9999 -132 1
9999 -130 1
9999 -128 1
9999 -126 1
9999 -124 1
9999 -122 1
9999 -120 1
9999 -118 1
9999 -116 1
9999 -114 1
9999 -112 1
9999 -110 1
9999 -108 1
9999 -106 1
9999 -104 1
9999 -102 1
9999 -100 1
9999 -98 1
9999 -96 1
9999 -94 1
9999 -92 1
9999 -90 1
9999 -88 1
9999 -86 1
9999 -84 1
9999 -82 1
9999 -80 1
9999 -78 1
9999 -76 1
9999 -74 1
9999 -72 1
9999 -70 1
9999 -68 1
9999 -66 1
9999 -64 1
9999 -62 1
9999 -60 1
9999 -58 1
9999 -56 1
9999 -54 1
9999 -52 1
9999 -50 1
9999 -48 1
9999 -46 1
9999 -44 1
9999 -42 1
9999 -40 1
9999 -38 1
9999 -36 1
9999 -34 1
9999 -32 1
9999 -30 1
9999 -28 1
9999 -26 1
9999 -24 1
9999 -22 1
9999 -20 1
9999 -18 1
9999 -16 1
9999 -14 1
9999 -12 1
9999 -10 1
9999 -8 1
9999 -6 1
9999 -4 1
9999 -2 1
9999 0 1
9999 2 1
9999 4 1
9999 6 1
9999 8 1
9999 10 1
9999 12 1
9999 14 1
9999 16 1
9999 18 1
9999 20 1
9999 22 1
9999 24 1
9999 26 1
9999 28 1
9999 30 1
9999 32 1
9999 34 1
9999 36 1
9999 38 1
9999 40 1
9999 42 1
9999 44 1
9999 46 1
9999 48 1
9999 50 1
9999 52 1
9999 54 1
9999 56 1
9999 58 1
9999 60 1
9999 62 1
9999 64 1
9999 66 1
9999 68 1
9999 70 1
9999 72 1
9999 74 1
9999 76 1
9999 78 1
9999 80 1
9999 82 1
9999 84 1
9999 86 1
9999 88 1
9999 90 1
9999 92 1
9999 94 1
9999 96 1
9999 98 1
9999 100 1
9999 102 1
9999 104 1
9999 106 1
9999 108 1
9999 110 1
9999 112 1
9999 114 1
9999 116 1
9999 118 1
9999 120 1
9999 122 1
9999 124 1
9999 126 1
9999 128 1
9999 130 1
9999 132 1
9999 134 1
9999 136 1
9999 138 1
9999 140 1
9999 142 1
9999 144 1
9999 146 1
9999 148 1
9999 150 1
9999 152 1
9999 154 1
9999 156 1
9999 158 1
9999 160 1
9999 162 1
9999 164 1
9999 166 1
9999 168 1
9999 170 1
9999 172 1
9999 174 1
9999 176 1
9999 178 1
9999 180 1
9999 182 1
9999 184 1
9999 186 1
9999 188 1
9999 190 1
9999 192 1
9999 194 1
9999 196 1
9999 198 1
9999 200 1
9999 202 1
9999 204 1
9999 206 1
9999 208 1
9999 210 1
9999 212 1
9999 214 1
9999 216 1
9999 218 1
9999 220 1
9999 222 1
9999 224 1
9999 226 1
9999 228 1
9999 230 1
9999 232 1
9999 234 1
9999 236 1
9999 238 1
9999 240 1
9999 242 1
9999 244 1
9999 246 1
9999 248 1
9999 250 1
9999 252 1
9999 254 1
9999 256 1
9999 258 1
9999 260 1
9999 262 1
9999 264 1
9999 266 1
9999 268 1
9999 270 1
9999 272 1
9999 274 1
9999 276 1
9999 278 1
9999 280 1
9999 282 1
9999 284 1
9999 286 1
9999 288 1
9999 290 1
9999 292 1
9999 294 1
9999 296 1
9999 298 1
0 0 10000
