2000
0 0 5000
5008 0 10
5007 15 10
5007 31 10
5007 47 10
5007 62 10
5007 78 10
5007 94 10
5006 110 10
5006 125 10
5005 141 10
5005 157 10
5005 173 10
5004 188 10
5003 204 10
5003 220 10
5002 235 10
5001 251 10
5000 267 10
4999 283 10
4999 298 10
4998 314 10
4997 330 10
4996 345 10
4994 361 10
4993 377 10
4992 392 10
4991 408 10
4989 424 10
4988 439 10
4987 455 10
4985 471 10
4984 486 10
4982 502 10
4981 518 10
4979 533 10
4977 549 10
4976 565 10
4974 580 10
4972 596 10
4970 612 10
4968 627 10
4966 643 10
4964 658 10
4962 674 10
4960 690 10
4958 705 10
4955 721 10
4953 736 10
4951 752 10
4948 767 10
4946 783 10
4943 798 10
4941 814 10
4938 830 10
4936 845 10
4933 861 10
4930 876 10
4927 892 10
4925 907 10
4922 922 10
4919 938 10
4916 953 10
4913 969 10
4910 984 10
4907 1000 10
4903 1015 10
4900 1030 10
4897 1046 10
4894 1061 10
4890 1077 10
4887 1092 10
4883 1107 10
4880 1123 10
4876 1138 10
4873 1153 10
4869 1169 10
4865 1184 10
4862 1199 10
4858 1214 10
4854 1230 10
4850 1245 10
4846 1260 10
4842 1275 10
4838 1291 10
4834 1306 10
4830 1321 10
4826 1336 10
4822 1351 10
4817 1366 10
4813 1382 10
4809 1397 10
4804 1412 10
4800 1427 10
4795 1442 10
4791 1457 10
4786 1472 10
4781 1487 10
4777 1502 10
4772 1517 10
4767 1532 10
4762 1547 10
4758 1562 10
4753 1577 10
4748 1592 10
4743 1607 10
4737 1622 10
4732 1637 10
4727 1651 10
4722 1666 10
4717 1681 10
4711 1696 10
4706 1711 10
4701 1725 10
4695 1740 10
4690 1755 10
4684 1770 10
4679 1784 10
4673 1799 10
4667 1814 10
4662 1828 10
4656 1843 10
4650 1858 10
4644 1872 10
4638 1887 10
4632 1901 10
4626 1916 10
4620 1931 10
4614 1945 10
4608 1959 10
4602 1974 10
4596 1988 10
4589 2003 10
4583 2017 10
4577 2032 10
4570 2046 10
4564 2060 10
4557 2075 10
4551 2089 10
4544 2103 10
4538 2118 10
4531 2132 10
4524 2146 10
4517 2160 10
4511 2174 10
4504 2189 10
4497 2203 10
4490 2217 10
4483 2231 10
4476 2245 10
4469 2259 10
4462 2273 10
4454 2287 10
4447 2301 10
4440 2315 10
4433 2329 10
4425 2343 10
4418 2357 10
4411 2371 10
4403 2385 10
4396 2398 10
4388 2412 10
4380 2426 10
4373 2440 10
4365 2453 10
4357 2467 10
4350 2481 10
4342 2494 10
4334 2508 10
4326 2522 10
4318 2535 10
4310 2549 10
4302 2562 10
4294 2576 10
4286 2589 10
4278 2603 10
4270 2616 10
4261 2630 10
4253 2643 10
4245 2656 10
4236 2670 10
4228 2683 10
4219 2696 10
4211 2709 10
4202 2723 10
4194 2736 10
4185 2749 10
4177 2762 10
4168 2775 10
4159 2788 10
4150 2801 10
4142 2814 10
4133 2827 10
4124 2840 10
4115 2853 10
4106 2866 10
4097 2879 10
4088 2892 10
4079 2905 10
4069 2918 10
4060 2930 10
4051 2943 10
4042 2956 10
4032 2969 10
4023 2981 10
4014 2994 10
4004 3006 10
3995 3019 10
3985 3032 10
3976 3044 10
3966 3056 10
3957 3069 10
3947 3081 10
3937 3094 10
3927 3106 10
3918 3118 10
3908 3131 10
3898 3143 10
3888 3155 10
3878 3167 10
3868 3180 10
3858 3192 10
3848 3204 10
3838 3216 10
3828 3228 10
3818 3240 10
3808 3252 10
3797 3264 10
3787 3276 10
3777 3288 10
3766 3300 10
3756 3311 10
3746 3323 10
3735 3335 10
3725 3347 10
3714 3358 10
3704 3370 10
3693 3382 10
3682 3393 10
3672 3405 10
3661 3416 10
3650 3428 10
3639 3439 10
3629 3451 10
3618 3462 10
3607 3473 10
3596 3485 10
3585 3496 10
3574 3507 10
3563 3518 10
3552 3530 10
3541 3541 10
3530 3552 10
3518 3563 10
3507 3574 10
3496 3585 10
3485 3596 10
3473 3607 10
3462 3618 10
3451 3629 10
3439 3639 10
3428 3650 10
3416 3661 10
3405 3672 10
3393 3682 10
3382 3693 10
3370 3704 10
3358 3714 10
3347 3725 10
3335 3735 10
3323 3746 10
3311 3756 10
3300 3766 10
3288 3777 10
3276 3787 10
3264 3797 10
3252 3808 10
3240 3818 10
3228 3828 10
3216 3838 10
3204 3848 10
3192 3858 10
3180 3868 10
3167 3878 10
3155 3888 10
3143 3898 10
3131 3908 10
3118 3918 10
3106 3927 10
3094 3937 10
3081 3947 10
3069 3957 10
3056 3966 10
3044 3976 10
3032 3985 10
3019 3995 10
3006 4004 10
2994 4014 10
2981 4023 10
2969 4032 10
2956 4042 10
2943 4051 10
2930 4060 10
2918 4069 10
2905 4079 10
2892 4088 10
2879 4097 10
2866 4106 10
2853 4115 10
2840 4124 10
2827 4133 10
2814 4142 10
2801 4150 10
2788 4159 10
2775 4168 10
2762 4177 10
2749 4185 10
2736 4194 10
2723 4202 10
2709 4211 10
2696 4219 10
2683 4228 10
2670 4236 10
2656 4245 10
2643 4253 10
2630 4261 10
2616 4270 10
2603 4278 10
2589 4286 10
2576 4294 10
2562 4302 10
2549 4310 10
2535 4318 10
2522 4326 10
2508 4334 10
2494 4342 10
2481 4350 10
2467 4357 10
2453 4365 10
2440 4373 10
2426 4380 10
2412 4388 10
2398 4396 10
2385 4403 10
2371 4411 10
2357 4418 10
2343 4425 10
2329 4433 10
2315 4440 10
2301 4447 10
2287 4454 10
2273 4462 10
2259 4469 10
2245 4476 10
2231 4483 10
2217 4490 10
2203 4497 10
2189 4504 10
2174 4511 10
2160 4517 10
2146 4524 10
2132 4531 10
2118 4538 10
2103 4544 10
2089 4551 10
2075 4557 10
2060 4564 10
2046 4570 10
2032 4577 10
2017 4583 10
2003 4589 10
1988 4596 10
1974 4602 10
1959 4608 10
1945 4614 10
1931 4620 10
1916 4626 10
1901 4632 10
1887 4638 10
1872 4644 10
1858 4650 10
1843 4656 10
1828 4662 10
1814 4667 10
1799 4673 10
1784 4679 10
1770 4684 10
1755 4690 10
1740 4695 10
1725 4701 10
1711 4706 10
1696 4711 10
1681 4717 10
1666 4722 10
1651 4727 10
1637 4732 10
1622 4737 10
1607 4743 10
1592 4748 10
1577 4753 10
1562 4758 10
1547 4762 10
1532 4767 10
1517 4772 10
1502 4777 10
1487 4781 10
1472 4786 10
1457 4791 10
1442 4795 10
1427 4800 10
1412 4804 10
1397 4809 10
1382 4813 10
1366 4817 10
1351 4822 10
1336 4826 10
1321 4830 10
1306 4834 10
1291 4838 10
1275 4842 10
1260 4846 10
1245 4850 10
1230 4854 10
1214 4858 10
1199 4862 10
1184 4865 10
1169 4869 10
1153 4873 10
1138 4876 10
1123 4880 10
1107 4883 10
1092 4887 10
1077 4890 10
1061 4894 10
1046 4897 10
1030 4900 10
1015 4903 10
1000 4907 10
984 4910 10
969 4913 10
953 4916 10
938 4919 10
922 4922 10
907 4925 10
892 4927 10
876 4930 10
861 4933 10
845 4936 10
830 4938 10
814 4941 10
798 4943 10
783 4946 10
767 4948 10
752 4951 10
736 4953 10
721 4955 10
705 4958 10
690 4960 10
674 4962 10
658 4964 10
643 4966 10
627 4968 10
612 4970 10
596 4972 10
580 4974 10
565 4976 10
549 4977 10
533 4979 10
518 4981 10
502 4982 10
486 4984 10
471 4985 10
455 4987 10
439 4988 10
424 4989 10
408 4991 10
392 4992 10
377 4993 10
361 4994 10
345 4996 10
330 4997 10
314 4998 10
298 4999 10
283 4999 10
267 5000 10
251 5001 10
235 5002 10
220 5003 10
204 5003 10
188 5004 10
173 5005 10
157 5005 10
141 5005 10
125 5006 10
110 5006 10
94 5007 10
78 5007 10
62 5007 10
47 5007 10
31 5007 10
15 5007 10
0 5008 10
-15 5007 10
-31 5007 10
-47 5007 10
-62 5007 10
-78 5007 10
-94 5007 10
-110 5006 10
-125 5006 10
-141 5005 10
-157 5005 10
-173 5005 10
-188 5004 10
-204 5003 10
-220 5003 10
-235 5002 10
-251 5001 10
-267 5000 10
-283 4999 10
-298 4999 10
-314 4998 10
-330 4997 10
-345 4996 10
-361 4994 10
-377 4993 10
-392 4992 10
-408 4991 10
-424 4989 10
-439 4988 10
-455 4987 10
-471 4985 10
-486 4984 10
-502 4982 10
-518 4981 10
-533 4979 10
-549 4977 10
-565 4976 10
-580 4974 10
-596 4972 10
-612 4970 10
-627 4968 10
-643 4966 10
-658 4964 10
-674 4962 10
-690 4960 10
-705 4958 10
-721 4955 10
-736 4953 10
-752 4951 10
-767 4948 10
-783 4946 10
-798 4943 10
-814 4941 10
-830 4938 10
-845 4936 10
-861 4933 10
-876 4930 10
-892 4927 10
-907 4925 10
-922 4922 10
-938 4919 10
-953 4916 10
-969 4913 10
-984 4910 10
-1000 4907 10
-1015 4903 10
-1030 4900 10
-1046 4897 10
-1061 4894 10
-1077 4890 10
-1092 4887 10
-1107 4883 10
-1123 4880 10
-1138 4876 10
-1153 4873 10
-1169 4869 10
-1184 4865 10
-1199 4862 10
-1214 4858 10
-1230 4854 10
-1245 4850 10
-1260 4846 10
-1275 4842 10
-1291 4838 10
-1306 4834 10
-1321 4830 10
-1336 4826 10
-1351 4822 10
-1366 4817 10
-1382 4813 10
-1397 4809 10
-1412 4804 10
-1427 4800 10
-1442 4795 10
-1457 4791 10
-1472 4786 10
-1487 4781 10
-1502 4777 10
-1517 4772 10
-1532 4767 10
-1547 4762 10
-1562 4758 10
-1577 4753 10
-1592 4748 10
-1607 4743 10
-1622 4737 10
-1637 4732 10
-1651 4727 10
-1666 4722 10
-1681 4717 10
-1696 4711 10
-1711 4706 10
-1725 4701 10
-1740 4695 10
-1755 4690 10
-1770 4684 10
-1784 4679 10
-1799 4673 10
-1814 4667 10
-1828 4662 10
-1843 4656 10
-1858 4650 10
-1872 4644 10
-1887 4638 10
-1901 4632 10
-1916 4626 10
-1931 4620 10
-1945 4614 10
-1959 4608 10
-1974 4602 10
-1988 4596 10
-2003 4589 10
-2017 4583 10
-2032 4577 10
-2046 4570 10
-2060 4564 10
-2075 4557 10
-2089 4551 10
-2103 4544 10
-2118 4538 10
-2132 4531 10
-2146 4524 10
-2160 4517 10
-2174 4511 10
-2189 4504 10
-2203 4497 10
-2217 4490 10
-2231 4483 10
-2245 4476 10
-2259 4469 10
-2273 4462 10
-2287 4454 10
-2301 4447 10
-2315 4440 10
-2329 4433 10
-2343 4425 10
-2357 4418 10
-2371 4411 10
-2385 4403 10
-2398 4396 10
-2412 4388 10
-2426 4380 10
-2440 4373 10
-2453 4365 10
-2467 4357 10
-2481 4350 10
-2494 4342 10
-2508 4334 10
-2522 4326 10
-2535 4318 10
-2549 4310 10
-2562 4302 10
-2576 4294 10
-2589 4286 10
-2603 4278 10
-2616 4270 10
-2630 4261 10
-2643 4253 10
-2656 4245 10
-2670 4236 10
-2683 4228 10
-2696 4219 10
-2709 4211 10
-2723 4202 10
-2736 4194 10
-2749 4185 10
-2762 4177 10
-2775 4168 10
-2788 4159 10
-2801 4150 10
-2814 4142 10
-2827 4133 10
-2840 4124 10
-2853 4115 10
-2866 4106 10
-2879 4097 10
-2892 4088 10
-2905 4079 10
-2918 4069 10
-2930 4060 10
-2943 4051 10
-2956 4042 10
-2969 4032 10
-2981 4023 10
-2994 4014 10
-3006 4004 10
-3019 3995 10
-3032 3985 10
-3044 3976 10
-3056 3966 10
-3069 3957 10
-3081 3947 10
-3094 3937 10
-3106 3927 10
-3118 3918 10
-3131 3908 10
-3143 3898 10
-3155 3888 10
-3167 3878 10
-3180 3868 10
-3192 3858 10
-3204 3848 10
-3216 3838 10
-3228 3828 10
-3240 3818 10
-3252 3808 10
-3264 3797 10
-3276 3787 10
-3288 3777 10
-3300 3766 10
-3311 3756 10
-3323 3746 10
-3335 3735 10
-3347 3725 10
-3358 3714 10
-3370 3704 10
-3382 3693 10
-3393 3682 10
-3405 3672 10
-3416 3661 10
-3428 3650 10
-3439 3639 10
-3451 3629 10
-3462 3618 10
-3473 3607 10
-3485 3596 10
-3496 3585 10
-3507 3574 10
-3518 3563 10
-3530 3552 10
-3541 3541 10
-3552 3530 10
-3563 3518 10
-3574 3507 10
-3585 3496 10
-3596 3485 10
-3607 3473 10
-3618 3462 10
-3629 3451 10
-3639 3439 10
-3650 3428 10
-3661 3416 10
-3672 3405 10
-3682 3393 10
-3693 3382 10
-3704 3370 10
-3714 3358 10
-3725 3347 10
-3735 3335 10
-3746 3323 10
-3756 3311 10
-3766 3300 10
-3777 3288 10
-3787 3276 10
-3797 3264 10
-3808 3252 10
-3818 3240 10
-3828 3228 10
-3838 3216 10
-3848 3204 10
-3858 3192 10
-3868 3180 10
-3878 3167 10
-3888 3155 10
-3898 3143 10
-3908 3131 10
-3918 3118 10
-3927 3106 10
-3937 3094 10
-3947 3081 10
-3957 3069 10
-3966 3056 10
-3976 3044 10
-3985 3032 10
-3995 3019 10
-4004 3006 10
-4014 2994 10
-4023 2981 10
-4032 2969 10
-4042 2956 10
-4051 2943 10
-4060 2930 10
-4069 2918 10
-4079 2905 10
-4088 2892 10
-4097 2879 10
-4106 2866 10
-4115 2853 10
-4124 2840 10
-4133 2827 10
-4142 2814 10
-4150 2801 10
-4159 2788 10
-4168 2775 10
-4177 2762 10
-4185 2749 10
-4194 2736 10
-4202 2723 10
-4211 2709 10
-4219 2696 10
-4228 2683 10
-4236 2670 10
-4245 2656 10
-4253 2643 10
-4261 2630 10
-4270 2616 10
-4278 2603 10
-4286 2589 10
-4294 2576 10
-4302 2562 10
-4310 2549 10
-4318 2535 10
-4326 2522 10
-4334 2508 10
-4342 2494 10
-4350 2481 10
-4357 2467 10
-4365 2453 10
-4373 2440 10
-4380 2426 10
-4388 2412 10
-4396 2398 10
-4403 2385 10
-4411 2371 10
-4418 2357 10
-4425 2343 10
-4433 2329 10
-4440 2315 10
-4447 2301 10
-4454 2287 10
-4462 2273 10
-4469 2259 10
-4476 2245 10
-4483 2231 10
-4490 2217 10
-4497 2203 10
-4504 2189 10
-4511 2174 10
-4517 2160 10
-4524 2146 10
-4531 2132 10
-4538 2118 10
-4544 2103 10
-4551 2089 10
-4557 2075 10
-4564 2060 10
-4570 2046 10
-4577 2032 10
-4583 2017 10
-4589 2003 10
-4596 1988 10
-4602 1974 10
-4608 1959 10
-4614 1945 10
-4620 1931 10
-4626 1916 10
-4632 1901 10
-4638 1887 10
-4644 1872 10
-4650 1858 10
-4656 1843 10
-4662 1828 10
-4667 1814 10
-4673 1799 10
-4679 1784 10
-4684 1770 10
-4690 1755 10
-4695 1740 10
-4701 1725 10
-4706 1711 10
-4711 1696 10
-4717 1681 10
-4722 1666 10
-4727 1651 10
-4732 1637 10
-4737 1622 10
-4743 1607 10
-4748 1592 10
-4753 1577 10
-4758 1562 10
-4762 1547 10
-4767 1532 10
-4772 1517 10
-4777 1502 10
-4781 1487 10
-4786 1472 10
-4791 1457 10
-4795 1442 10
-4800 1427 10
-4804 1412 10
-4809 1397 10
-4813 1382 10
-4817 1366 10
-4822 1351 10
-4826 1336 10
-4830 1321 10
-4834 1306 10
-4838 1291 10
-4842 1275 10
-4846 1260 10
-4850 1245 10
-4854 1230 10
-4858 1214 10
-4862 1199 10
-4865 1184 10
-4869 1169 10
-4873 1153 10
-4876 1138 10
-4880 1123 10
-4883 1107 10
-4887 1092 10
-4890 1077 10
-4894 1061 10
-4897 1046 10
-4900 1030 10
-4903 1015 10
-4907 1000 10
-4910 984 10
-4913 969 10
-4916 953 10
-4919 938 10
-4922 922 10
-4925 907 10
-4927 892 10
-4930 876 10
-4933 861 10
-4936 845 10
-4938 830 10
-4941 814 10
-4943 798 10
-4946 783 10
-4948 767 10
-4951 752 10
-4953 736 10
-4955 721 10
-4958 705 10
-4960 690 10
-4962 674 10
-4964 658 10
-4966 643 10
-4968 627 10
-4970 612 10
-4972 596 10
-4974 580 10
-4976 565 10
-4977 549 10
-4979 533 10
-4981 518 10
-4982 502 10
-4984 486 10
-4985 471 10
-4987 455 10
-4988 439 10
-4989 424 10
-4991 408 10
-4992 392 10
-4993 377 10
-4994 361 10
-4996 345 10
-4997 330 10
-4998 314 10
-4999 298 10
-4999 283 10
-5000 267 10
-5001 251 10
-5002 235 10
-5003 220 10
-5003 204 10
-5004 188 10
-5005 173 10
-5005 157 10
-5005 141 10
-5006 125 10
-5006 110 10
-5007 94 10
-5007 78 10
-5007 62 10
-5007 47 10
-5007 31 10
-5007 15 10
-5008 0 10
-5007 -15 10
-5007 -31 10
-5007 -47 10
-5007 -62 10
-5007 -78 10
-5007 -94 10
-5006 -110 10
-5006 -125 10
-5005 -141 10
-5005 -157 10
-5005 -173 10
-5004 -188 10
-5003 -204 10
-5003 -220 10
-5002 -235 10
-5001 -251 10
-5000 -267 10
-4999 -283 10
-4999 -298 10
-4998 -314 10
-4997 -330 10
-4996 -345 10
-4994 -361 10
-4993 -377 10
-4992 -392 10
-4991 -408 10
-4989 -424 10
-4988 -439 10
-4987 -455 10
-4985 -471 10
-4984 -486 10
-4982 -502 10
-4981 -518 10
-4979 -533 10
-4977 -549 10
-4976 -565 10
-4974 -580 10
-4972 -596 10
-4970 -612 10
-4968 -627 10
-4966 -643 10
-4964 -658 10
-4962 -674 10
-4960 -690 10
-4958 -705 10
-4955 -721 10
-4953 -736 10
-4951 -752 10
-4948 -767 10
-4946 -783 10
-4943 -798 10
-4941 -814 10
-4938 -830 10
-4936 -845 10
-4933 -861 10
-4930 -876 10
-4927 -892 10
-4925 -907 10
-4922 -922 10
-4919 -938 10
-4916 -953 10
-4913 -969 10
-4910 -984 10
-4907 -1000 10
-4903 -1015 10
-4900 -1030 10
-4897 -1046 10
-4894 -1061 10
-4890 -1077 10
-4887 -1092 10
-4883 -1107 10
-4880 -1123 10
-4876 -1138 10
-4873 -1153 10
-4869 -1169 10
-4865 -1184 10
-4862 -1199 10
-4858 -1214 10
-4854 -1230 10
-4850 -1245 10
-4846 -1260 10
-4842 -1275 10
-4838 -1291 10
-4834 -1306 10
-4830 -1321 10
-4826 -1336 10
-4822 -1351 10
-4817 -1366 10
-4813 -1382 10
-4809 -1397 10
-4804 -1412 10
-4800 -1427 10
-4795 -1442 10
-4791 -1457 10
-4786 -1472 10
-4781 -1487 10
-4777 -1502 10
-4772 -1517 10
-4767 -1532 10
-4762 -1547 10
-4758 -1562 10
-4753 -1577 10
-4748 -1592 10
-4743 -1607 10
-4737 -1622 10
-4732 -1637 10
-4727 -1651 10
-4722 -1666 10
-4717 -1681 10
-4711 -1696 10
-4706 -1711 10
-4701 -1725 10
-4695 -1740 10
-4690 -1755 10
-4684 -1770 10
-4679 -1784 10
-4673 -1799 10
-4667 -1814 10
-4662 -1828 10
-4656 -1843 10
-4650 -1858 10
-4644 -1872 10
-4638 -1887 10
-4632 -1901 10
-4626 -1916 10
-4620 -1931 10
-4614 -1945 10
-4608 -1959 10
-4602 -1974 10
-4596 -1988 10
-4589 -2003 10
-4583 -2017 10
-4577 -2032 10
-4570 -2046 10
-4564 -2060 10
-4557 -2075 10
-4551 -2089 10
-4544 -2103 10
-4538 -2118 10
-4531 -2132 10
-4524 -2146 10
-4517 -2160 10
-4511 -2174 10
-4504 -2189 10
-4497 -2203 10
-4490 -2217 10
-4483 -2231 10
-4476 -2245 10
-4469 -2259 10
-4462 -2273 10
-4454 -2287 10
-4447 -2301 10
-4440 -2315 10
-4433 -2329 10
-4425 -2343 10
-4418 -2357 10
-4411 -2371 10
-4403 -2385 10
-4396 -2398 10
-4388 -2412 10
-4380 -2426 10
-4373 -2440 10
-4365 -2453 10
-4357 -2467 10
-4350 -2481 10
-4342 -2494 10
-4334 -2508 10
-4326 -2522 10
-4318 -2535 10
-4310 -2549 10
-4302 -2562 10
-4294 -2576 10
-4286 -2589 10
-4278 -2603 10
-4270 -2616 10
-4261 -2630 10
-4253 -2643 10
-4245 -2656 10
-4236 -2670 10
-4228 -2683 10
-4219 -2696 10
-4211 -2709 10
-4202 -2723 10
-4194 -2736 10
-4185 -2749 10
-4177 -2762 10
-4168 -2775 10
-4159 -2788 10
-4150 -2801 10
-4142 -2814 10
-4133 -2827 10
-4124 -2840 10
-4115 -2853 10
-4106 -2866 10
-4097 -2879 10
-4088 -2892 10
-4079 -2905 10
-4069 -2918 10
-4060 -2930 10
-4051 -2943 10
-4042 -2956 10
-4032 -2969 10
-4023 -2981 10
-4014 -2994 10
-4004 -3006 10
-3995 -3019 10
-3985 -3032 10
-3976 -3044 10
-3966 -3056 10
-3957 -3069 10
-3947 -3081 10
-3937 -3094 10
-3927 -3106 10
-3918 -3118 10
-3908 -3131 10
-3898 -3143 10
-3888 -3155 10
-3878 -3167 10
-3868 -3180 10
-3858 -3192 10
-3848 -3204 10
-3838 -3216 10
-3828 -3228 10
-3818 -3240 10
-3808 -3252 10
-3797 -3264 10
-3787 -3276 10
-3777 -3288 10
-3766 -3300 10
-3756 -3311 10
-3746 -3323 10
-3735 -3335 10
-3725 -3347 10
-3714 -3358 10
-3704 -3370 10
-3693 -3382 10
-3682 -3393 10
-3672 -3405 10
-3661 -3416 10
-3650 -3428 10
-3639 -3439 10
-3629 -3451 10
-3618 -3462 10
-3607 -3473 10
-3596 -3485 10
-3585 -3496 10
-3574 -3507 10
-3563 -3518 10
-3552 -3530 10
-3541 -3541 10
-3530 -3552 10
-3518 -3563 10
-3507 -3574 10
-3496 -3585 10
-3485 -3596 10
-3473 -3607 10
-3462 -3618 10
-3451 -3629 10
-3439 -3639 10
-3428 -3650 10
-3416 -3661 10
-3405 -3672 10
-3393 -3682 10
-3382 -3693 10
-3370 -3704 10
-3358 -3714 10
-3347 -3725 10
-3335 -3735 10
-3323 -3746 10
-3311 -3756 10
-3300 -3766 10
-3288 -3777 10
-3276 -3787 10
-3264 -3797 10
-3252 -3808 10
-3240 -3818 10
-3228 -3828 10
-3216 -3838 10
-3204 -3848 10
-3192 -3858 10
-3180 -3868 10
-3167 -3878 10
-3155 -3888 10
-3143 -3898 10
-3131 -3908 10
-3118 -3918 10
-3106 -3927 10
-3094 -3937 10
-3081 -3947 10
-3069 -3957 10
-3056 -3966 10
-3044 -3976 10
-3032 -3985 10
-3019 -3995 10
-3006 -4004 10
-2994 -4014 10
-2981 -4023 10
-2969 -4032 10
-2956 -4042 10
-2943 -4051 10
-2930 -4060 10
-2918 -4069 10
-2905 -4079 10
-2892 -4088 10
-2879 -4097 10
-2866 -4106 10
-2853 -4115 10
-2840 -4124 10
-2827 -4133 10
-2814 -4142 10
-2801 -4150 10
-2788 -4159 10
-2775 -4168 10
-2762 -4177 10
-2749 -4185 10
-2736 -4194 10
-2723 -4202 10
-2709 -4211 10
-2696 -4219 10
-2683 -4228 10
-2670 -4236 10
-2656 -4245 10
-2643 -4253 10
-2630 -4261 10
-2616 -4270 10
-2603 -4278 10
-2589 -4286 10
-2576 -4294 10
-2562 -4302 10
-2549 -4310 10
-2535 -4318 10
-2522 -4326 10
-2508 -4334 10
-2494 -4342 10
-2481 -4350 10
-2467 -4357 10
-2453 -4365 10
-2440 -4373 10
-2426 -4380 10
-2412 -4388 10
-2398 -4396 10
-2385 -4403 10
-2371 -4411 10
-2357 -4418 10
-2343 -4425 10
-2329 -4433 10
-2315 -4440 10
-2301 -4447 10
-2287 -4454 10
-2273 -4462 10
-2259 -4469 10
-2245 -4476 10
-2231 -4483 10
-2217 -4490 10
-2203 -4497 10
-2189 -4504 10
-2174 -4511 10
-2160 -4517 10
-2146 -4524 10
-2132 -4531 10
-2118 -4538 10
-2103 -4544 10
-2089 -4551 10
-2075 -4557 10
-2060 -4564 10
-2046 -4570 10
-2032 -4577 10
-2017 -4583 10
-2003 -4589 10
-1988 -4596 10
-1974 -4602 10
-1959 -4608 10
-1945 -4614 10
-1931 -4620 10
-1916 -4626 10
-1901 -4632 10
-1887 -4638 10
-1872 -4644 10
-1858 -4650 10
-1843 -4656 10
-1828 -4662 10
-1814 -4667 10
-1799 -4673 10
-1784 -4679 10
-1770 -4684 10
-1755 -4690 10
-1740 -4695 10
-1725 -4701 10
-1711 -4706 10
-1696 -4711 10
-1681 -4717 10
-1666 -4722 10
-1651 -4727 10
-1637 -4732 10
-1622 -4737 10
-1607 -4743 10
-1592 -4748 10
-1577 -4753 10
-1562 -4758 10
-1547 -4762 10
-1532 -4767 10
-1517 -4772 10
-1502 -4777 10
-1487 -4781 10
-1472 -4786 10
-1457 -4791 10
-1442 -4795 10
-1427 -4800 10
-1412 -4804 10
-1397 -4809 10
-1382 -4813 10
-1366 -4817 10
-1351 -4822 10
-1336 -4826 10
-1321 -4830 10
-1306 -4834 10
-1291 -4838 10
-1275 -4842 10
-1260 -4846 10
-1245 -4850 10
-1230 -4854 10
-1214 -4858 10
-1199 -4862 10
-1184 -4865 10
-1169 -4869 10
-1153 -4873 10
-1138 -4876 10
-1123 -4880 10
-1107 -4883 10
-1092 -4887 10
-1077 -4890 10
-1061 -4894 10
-1046 -4897 10
-1030 -4900 10
-1015 -4903 10
-1000 -4907 10
-984 -4910 10
-969 -4913 10
-953 -4916 10
-938 -4919 10
-922 -4922 10
-907 -4925 10
-892 -4927 10
-876 -4930 10
-861 -4933 10
-845 -4936 10
-830 -4938 10
-814 -4941 10
-798 -4943 10
-783 -4946 10
-767 -4948 10
-752 -4951 10
-736 -4953 10
-721 -4955 10
-705 -4958 10
-690 -4960 10
-674 -4962 10
-658 -4964 10
-643 -4966 10
-627 -4968 10
-612 -4970 10
-596 -4972 10
-580 -4974 10
-565 -4976 10
-549 -4977 10
-533 -4979 10
-518 -4981 10
-502 -4982 10
-486 -4984 10
-471 -4985 10
-455 -4987 10
-439 -4988 10
-424 -4989 10
-408 -4991 10
-392 -4992 10
-377 -4993 10
-361 -4994 10
-345 -4996 10
-330 -4997 10
-314 -4998 10
-298 -4999 10
-283 -4999 10
-267 -5000 10
-251 -5001 10
-235 -5002 10
-220 -5003 10
-204 -5003 10
-188 -5004 10
-173 -5005 10
-157 -5005 10
-141 -5005 10
-125 -5006 10
-110 -5006 10
-94 -5007 10
-78 -5007 10
-62 -5007 10
-47 -5007 10
-31 -5007 10
-15 -5007 10
0 -5008 10
15 -5007 10
31 -5007 10
47 -5007 10
62 -5007 10
78 -5007 10
94 -5007 10
110 -5006 10
125 -5006 10
141 -5005 10
157 -5005 10
173 -5005 10
188 -5004 10
204 -5003 10
220 -5003 10
235 -5002 10
251 -5001 10
267 -5000 10
283 -4999 10
298 -4999 10
314 -4998 10
330 -4997 10
345 -4996 10
361 -4994 10
377 -4993 10
392 -4992 10
408 -4991 10
424 -4989 10
439 -4988 10
455 -4987 10
471 -4985 10
486 -4984 10
502 -4982 10
518 -4981 10
533 -4979 10
549 -4977 10
565 -4976 10
580 -4974 10
596 -4972 10
612 -4970 10
627 -4968 10
643 -4966 10
658 -4964 10
674 -4962 10
690 -4960 10
705 -4958 10
721 -4955 10
736 -4953 10
752 -4951 10
767 -4948 10
783 -4946 10
798 -4943 10
814 -4941 10
830 -4938 10
845 -4936 10
861 -4933 10
876 -4930 10
892 -4927 10
907 -4925 10
922 -4922 10
938 -4919 10
953 -4916 10
969 -4913 10
984 -4910 10
1000 -4907 10
1015 -4903 10
1030 -4900 10
1046 -4897 10
1061 -4894 10
1077 -4890 10
1092 -4887 10
1107 -4883 10
1123 -4880 10
1138 -4876 10
1153 -4873 10
1169 -4869 10
1184 -4865 10
1199 -4862 10
1214 -4858 10
1230 -4854 10
1245 -4850 10
1260 -4846 10
1275 -4842 10
1291 -4838 10
1306 -4834 10
1321 -4830 10
1336 -4826 10
1351 -4822 10
1366 -4817 10
1382 -4813 10
1397 -4809 10
1412 -4804 10
1427 -4800 10
1442 -4795 10
1457 -4791 10
1472 -4786 10
1487 -4781 10
1502 -4777 10
1517 -4772 10
1532 -4767 10
1547 -4762 10
1562 -4758 10
1577 -4753 10
1592 -4748 10
1607 -4743 10
1622 -4737 10
1637 -4732 10
1651 -4727 10
1666 -4722 10
1681 -4717 10
1696 -4711 10
1711 -4706 10
1725 -4701 10
1740 -4695 10
1755 -4690 10
1770 -4684 10
1784 -4679 10
1799 -4673 10
1814 -4667 10
1828 -4662 10
1843 -4656 10
1858 -4650 10
1872 -4644 10
1887 -4638 10
1901 -4632 10
1916 -4626 10
1931 -4620 10
1945 -4614 10
1959 -4608 10
1974 -4602 10
1988 -4596 10
2003 -4589 10
2017 -4583 10
2032 -4577 10
2046 -4570 10
2060 -4564 10
2075 -4557 10
2089 -4551 10
2103 -4544 10
2118 -4538 10
2132 -4531 10
2146 -4524 10
2160 -4517 10
2174 -4511 10
2189 -4504 10
2203 -4497 10
2217 -4490 10
2231 -4483 10
2245 -4476 10
2259 -4469 10
2273 -4462 10
2287 -4454 10
2301 -4447 10
2315 -4440 10
2329 -4433 10
2343 -4425 10
2357 -4418 10
2371 -4411 10
2385 -4403 10
2398 -4396 10
2412 -4388 10
2426 -4380 10
2440 -4373 10
2453 -4365 10
2467 -4357 10
2481 -4350 10
2494 -4342 10
2508 -4334 10
2522 -4326 10
2535 -4318 10
2549 -4310 10
2562 -4302 10
2576 -4294 10
2589 -4286 10
2603 -4278 10
2616 -4270 10
2630 -4261 10
2643 -4253 10
2656 -4245 10
2670 -4236 10
2683 -4228 10
2696 -4219 10
2709 -4211 10
2723 -4202 10
2736 -4194 10
2749 -4185 10
2762 -4177 10
2775 -4168 10
2788 -4159 10
2801 -4150 10
2814 -4142 10
2827 -4133 10
2840 -4124 10
2853 -4115 10
2866 -4106 10
2879 -4097 10
2892 -4088 10
2905 -4079 10
2918 -4069 10
2930 -4060 10
2943 -4051 10
2956 -4042 10
2969 -4032 10
2981 -4023 10
2994 -4014 10
3006 -4004 10
3019 -3995 10
3032 -3985 10
3044 -3976 10
3056 -3966 10
3069 -3957 10
3081 -3947 10
3094 -3937 10
3106 -3927 10
3118 -3918 10
3131 -3908 10
3143 -3898 10
3155 -3888 10
3167 -3878 10
3180 -3868 10
3192 -3858 10
3204 -3848 10
3216 -3838 10
3228 -3828 10
3240 -3818 10
3252 -3808 10
3264 -3797 10
3276 -3787 10
3288 -3777 10
3300 -3766 10
3311 -3756 10
3323 -3746 10
3335 -3735 10
3347 -3725 10
3358 -3714 10
3370 -3704 10
3382 -3693 10
3393 -3682 10
3405 -3672 10
3416 -3661 10
3428 -3650 10
3439 -3639 10
3451 -3629 10
3462 -3618 10
3473 -3607 10
3485 -3596 10
3496 -3585 10
3507 -3574 10
3518 -3563 10
3530 -3552 10
3541 -3541 10
3552 -3530 10
3563 -3518 10
3574 -3507 10
3585 -3496 10
3596 -3485 10
3607 -3473 10
3618 -3462 10
3629 -3451 10
3639 -3439 10
3650 -3428 10
3661 -3416 10
3672 -3405 10
3682 -3393 10
3693 -3382 10
3704 -3370 10
3714 -3358 10
3725 -3347 10
3735 -3335 10
3746 -3323 10
3756 -3311 10
3766 -3300 10
3777 -3288 10
3787 -3276 10
3797 -3264 10
3808 -3252 10
3818 -3240 10
3828 -3228 10
3838 -3216 10
3848 -3204 10
3858 -3192 10
3868 -3180 10
3878 -3167 10
3888 -3155 10
3898 -3143 10
3908 -3131 10
3918 -3118 10
3927 -3106 10
3937 -3094 10
3947 -3081 10
3957 -3069 10
3966 -3056 10
3976 -3044 10
3985 -3032 10
3995 -3019 10
4004 -3006 10
4014 -2994 10
4023 -2981 10
4032 -2969 10
4042 -2956 10
4051 -2943 10
4060 -2930 10
4069 -2918 10
4079 -2905 10
4088 -2892 10
4097 -2879 10
4106 -2866 10
4115 -2853 10
4124 -2840 10
4133 -2827 10
4142 -2814 10
4150 -2801 10
4159 -2788 10
4168 -2775 10
4177 -2762 10
4185 -2749 10
4194 -2736 10
4202 -2723 10
4211 -2709 10
4219 -2696 10
4228 -2683 10
4236 -2670 10
4245 -2656 10
4253 -2643 10
4261 -2630 10
4270 -2616 10
4278 -2603 10
4286 -2589 10
4294 -2576 10
4302 -2562 10
4310 -2549 10
4318 -2535 10
4326 -2522 10
4334 -2508 10
4342 -2494 10
4350 -2481 10
4357 -2467 10
4365 -2453 10
4373 -2440 10
4380 -2426 10
4388 -2412 10
4396 -2398 10
4403 -2385 10
4411 -2371 10
4418 -2357 10
4425 -2343 10
4433 -2329 10
4440 -2315 10
4447 -2301 10
4454 -2287 10
4462 -2273 10
4469 -2259 10
4476 -2245 10
4483 -2231 10
4490 -2217 10
4497 -2203 10
4504 -2189 10
4511 -2174 10
4517 -2160 10
4524 -2146 10
4531 -2132 10
4538 -2118 10
4544 -2103 10
4551 -2089 10
4557 -2075 10
4564 -2060 10
4570 -2046 10
4577 -2032 10
4583 -2017 10
4589 -2003 10
4596 -1988 10
4602 -1974 10
4608 -1959 10
4614 -1945 10
4620 -1931 10
4626 -1916 10
4632 -1901 10
4638 -1887 10
4644 -1872 10
4650 -1858 10
4656 -1843 10
4662 -1828 10
4667 -1814 10
4673 -1799 10
4679 -1784 10
4684 -1770 10
4690 -1755 10
4695 -1740 10
4701 -1725 10
4706 -1711 10
4711 -1696 10
4717 -1681 10
4722 -1666 10
4727 -1651 10
4732 -1637 10
4737 -1622 10
4743 -1607 10
4748 -1592 10
4753 -1577 10
4758 -1562 10
4762 -1547 10
4767 -1532 10
4772 -1517 10
4777 -1502 10
4781 -1487 10
4786 -1472 10
4791 -1457 10
4795 -1442 10
4800 -1427 10
4804 -1412 10
4809 -1397 10
4813 -1382 10
4817 -1366 10
4822 -1351 10
4826 -1336 10
4830 -1321 10
4834 -1306 10
4838 -1291 10
4842 -1275 10
4846 -1260 10
4850 -1245 10
4854 -1230 10
4858 -1214 10
4862 -1199 10
4865 -1184 10
4869 -1169 10
4873 -1153 10
4876 -1138 10
4880 -1123 10
4883 -1107 10
4887 -1092 10
4890 -1077 10
4894 -1061 10
4897 -1046 10
4900 -1030 10
4903 -1015 10
4907 -1000 10
4910 -984 10
4913 -969 10
4916 -953 10
4919 -938 10
4922 -922 10
4925 -907 10
4927 -892 10
4930 -876 10
4933 -861 10
4936 -845 10
4938 -830 10
4941 -814 10
4943 -798 10
4946 -783 10
4948 -767 10
4951 -752 10
4953 -736 10
4955 -721 10
4958 -705 10
4960 -690 10
4962 -674 10
4964 -658 10
4966 -643 10
4968 -627 10
4970 -612 10
4972 -596 10
4974 -580 10
4976 -565 10
4977 -549 10
4979 -533 10
4981 -518 10
4982 -502 10
4984 -486 10
4985 -471 10
4987 -455 10
4988 -439 10
4989 -424 10
4991 -408 10
4992 -392 10
4993 -377 10
4994 -361 10
4996 -345 10
4997 -330 10
4998 -314 10
4999 -298 10
4999 -283 10
5000 -267 10
5001 -251 10
5002 -235 10
5003 -220 10
5003 -204 10
5004 -188 10
5005 -173 10
5005 -157 10
5005 -141 10
5006 -125 10
5006 -110 10
5007 -94 10
5007 -78 10
5007 -62 10
5007 -47 10
5007 -31 10
