2000
0 0 5000
6998 0 1999
6997 0 1999
6996 0 1999
6995 0 1999
6994 0 1999
6993 0 1999
6992 0 1999
6991 0 1999
6990 0 1999
6989 0 1999
6988 0 1999
6987 0 1999
6986 0 1999
6985 0 1999
6984 0 1999
6983 0 1999
6982 0 1999
6981 0 1999
6980 0 1999
6979 0 1999
6978 0 1999
6977 0 1999
6976 0 1999
6975 0 1999
6974 0 1999
6973 0 1999
6972 0 1999
6971 0 1999
6970 0 1999
6969 0 1999
6968 0 1999
6967 0 1999
6966 0 1999
6965 0 1999
6964 0 1999
6963 0 1999
6962 0 1999
6961 0 1999
6960 0 1999
6959 0 1999
6958 0 1999
6957 0 1999
6956 0 1999
6955 0 1999
6954 0 1999
6953 0 1999
6952 0 1999
6951 0 1999
6950 0 1999
6949 0 1999
6948 0 1999
6947 0 1999
6946 0 1999
6945 0 1999
6944 0 1999
6943 0 1999
6942 0 1999
6941 0 1999
6940 0 1999
6939 0 1999
6938 0 1999
6937 0 1999
6936 0 1999
6935 0 1999
6934 0 1999
6933 0 1999
6932 0 1999
6931 0 1999
6930 0 1999
6929 0 1999
6928 0 1999
6927 0 1999
6926 0 1999
6925 0 1999
6924 0 1999
6923 0 1999
6922 0 1999
6921 0 1999
6920 0 1999
6919 0 1999
6918 0 1999
6917 0 1999
6916 0 1999
6915 0 1999
6914 0 1999
6913 0 1999
6912 0 1999
6911 0 1999
6910 0 1999
6909 0 1999
6908 0 1999
6907 0 1999
6906 0 1999
6905 0 1999
6904 0 1999
6903 0 1999
6902 0 1999
6901 0 1999
6900 0 1999
6899 0 1999
6898 0 1999
6897 0 1999
6896 0 1999
6895 0 1999
6894 0 1999
6893 0 1999
6892 0 1999
6891 0 1999
6890 0 1999
6889 0 1999
6888 0 1999
6887 0 1999
6886 0 1999
6885 0 1999
6884 0 1999
6883 0 1999
6882 0 1999
6881 0 1999
6880 0 1999
6879 0 1999
6878 0 1999
6877 0 1999
6876 0 1999
6875 0 1999
6874 0 1999
6873 0 1999
6872 0 1999
6871 0 1999
6870 0 1999
6869 0 1999
6868 0 1999
6867 0 1999
6866 0 1999
6865 0 1999
6864 0 1999
6863 0 1999
6862 0 1999
6861 0 1999
6860 0 1999
6859 0 1999
6858 0 1999
6857 0 1999
6856 0 1999
6855 0 1999
6854 0 1999
6853 0 1999
6852 0 1999
6851 0 1999
6850 0 1999
6849 0 1999
6848 0 1999
6847 0 1999
6846 0 1999
6845 0 1999
6844 0 1999
6843 0 1999
6842 0 1999
6841 0 1999
6840 0 1999
6839 0 1999
6838 0 1999
6837 0 1999
6836 0 1999
6835 0 1999
6834 0 1999
6833 0 1999
6832 0 1999
6831 0 1999
6830 0 1999
6829 0 1999
6828 0 1999
6827 0 1999
6826 0 1999
6825 0 1999
6824 0 1999
6823 0 1999
6822 0 1999
6821 0 1999
6820 0 1999
6819 0 1999
6818 0 1999
6817 0 1999
6816 0 1999
6815 0 1999
6814 0 1999
6813 0 1999
6812 0 1999
6811 0 1999
6810 0 1999
6809 0 1999
6808 0 1999
6807 0 1999
6806 0 1999
6805 0 1999
6804 0 1999
6803 0 1999
6802 0 1999
6801 0 1999
6800 0 1999
6799 0 1999
6798 0 1999
6797 0 1999
6796 0 1999
6795 0 1999
6794 0 1999
6793 0 1999
6792 0 1999
6791 0 1999
6790 0 1999
6789 0 1999
6788 0 1999
6787 0 1999
6786 0 1999
6785 0 1999
6784 0 1999
6783 0 1999
6782 0 1999
6781 0 1999
6780 0 1999
6779 0 1999
6778 0 1999
6777 0 1999
6776 0 1999
6775 0 1999
6774 0 1999
6773 0 1999
6772 0 1999
6771 0 1999
6770 0 1999
6769 0 1999
6768 0 1999
6767 0 1999
6766 0 1999
6765 0 1999
6764 0 1999
6763 0 1999
6762 0 1999
6761 0 1999
6760 0 1999
6759 0 1999
6758 0 1999
6757 0 1999
6756 0 1999
6755 0 1999
6754 0 1999
6753 0 1999
6752 0 1999
6751 0 1999
6750 0 1999
6749 0 1999
6748 0 1999
6747 0 1999
6746 0 1999
6745 0 1999
6744 0 1999
6743 0 1999
6742 0 1999
6741 0 1999
6740 0 1999
6739 0 1999
6738 0 1999
6737 0 1999
6736 0 1999
6735 0 1999
6734 0 1999
6733 0 1999
6732 0 1999
6731 0 1999
6730 0 1999
6729 0 1999
6728 0 1999
6727 0 1999
6726 0 1999
6725 0 1999
6724 0 1999
6723 0 1999
6722 0 1999
6721 0 1999
6720 0 1999
6719 0 1999
6718 0 1999
6717 0 1999
6716 0 1999
6715 0 1999
6714 0 1999
6713 0 1999
6712 0 1999
6711 0 1999
6710 0 1999
6709 0 1999
6708 0 1999
6707 0 1999
6706 0 1999
6705 0 1999
6704 0 1999
6703 0 1999
6702 0 1999
6701 0 1999
6700 0 1999
6699 0 1999
6698 0 1999
6697 0 1999
6696 0 1999
6695 0 1999
6694 0 1999
6693 0 1999
6692 0 1999
6691 0 1999
6690 0 1999
6689 0 1999
6688 0 1999
6687 0 1999
6686 0 1999
6685 0 1999
6684 0 1999
6683 0 1999
6682 0 1999
6681 0 1999
6680 0 1999
6679 0 1999
6678 0 1999
6677 0 1999
6676 0 1999
6675 0 1999
6674 0 1999
6673 0 1999
6672 0 1999
6671 0 1999
6670 0 1999
6669 0 1999
6668 0 1999
6667 0 1999
6666 0 1999
6665 0 1999
6664 0 1999
6663 0 1999
6662 0 1999
6661 0 1999
6660 0 1999
6659 0 1999
6658 0 1999
6657 0 1999
6656 0 1999
6655 0 1999
6654 0 1999
6653 0 1999
6652 0 1999
6651 0 1999
6650 0 1999
6649 0 1999
6648 0 1999
6647 0 1999
6646 0 1999
6645 0 1999
6644 0 1999
6643 0 1999
6642 0 1999
6641 0 1999
6640 0 1999
6639 0 1999
6638 0 1999
6637 0 1999
6636 0 1999
6635 0 1999
6634 0 1999
6633 0 1999
6632 0 1999
6631 0 1999
6630 0 1999
6629 0 1999
6628 0 1999
6627 0 1999
6626 0 1999
6625 0 1999
6624 0 1999
6623 0 1999
6622 0 1999
6621 0 1999
6620 0 1999
6619 0 1999
6618 0 1999
6617 0 1999
6616 0 1999
6615 0 1999
6614 0 1999
6613 0 1999
6612 0 1999
6611 0 1999
6610 0 1999
6609 0 1999
6608 0 1999
6607 0 1999
6606 0 1999
6605 0 1999
6604 0 1999
6603 0 1999
6602 0 1999
6601 0 1999
6600 0 1999
6599 0 1999
6598 0 1999
6597 0 1999
6596 0 1999
6595 0 1999
6594 0 1999
6593 0 1999
6592 0 1999
6591 0 1999
6590 0 1999
6589 0 1999
6588 0 1999
6587 0 1999
6586 0 1999
6585 0 1999
6584 0 1999
6583 0 1999
6582 0 1999
6581 0 1999
6580 0 1999
6579 0 1999
6578 0 1999
6577 0 1999
6576 0 1999
6575 0 1999
6574 0 1999
6573 0 1999
6572 0 1999
6571 0 1999
6570 0 1999
6569 0 1999
6568 0 1999
6567 0 1999
6566 0 1999
6565 0 1999
6564 0 1999
6563 0 1999
6562 0 1999
6561 0 1999
6560 0 1999
6559 0 1999
6558 0 1999
6557 0 1999
6556 0 1999
6555 0 1999
6554 0 1999
6553 0 1999
6552 0 1999
6551 0 1999
6550 0 1999
6549 0 1999
6548 0 1999
6547 0 1999
6546 0 1999
6545 0 1999
6544 0 1999
6543 0 1999
6542 0 1999
6541 0 1999
6540 0 1999
6539 0 1999
6538 0 1999
6537 0 1999
6536 0 1999
6535 0 1999
6534 0 1999
6533 0 1999
6532 0 1999
6531 0 1999
6530 0 1999
6529 0 1999
6528 0 1999
6527 0 1999
6526 0 1999
6525 0 1999
6524 0 1999
6523 0 1999
6522 0 1999
6521 0 1999
6520 0 1999
6519 0 1999
6518 0 1999
6517 0 1999
6516 0 1999
6515 0 1999
6514 0 1999
6513 0 1999
6512 0 1999
6511 0 1999
6510 0 1999
6509 0 1999
6508 0 1999
6507 0 1999
6506 0 1999
6505 0 1999
6504 0 1999
6503 0 1999
6502 0 1999
6501 0 1999
6500 0 1999
6499 0 1999
6498 0 1999
6497 0 1999
6496 0 1999
6495 0 1999
6494 0 1999
6493 0 1999
6492 0 1999
6491 0 1999
6490 0 1999
6489 0 1999
6488 0 1999
6487 0 1999
6486 0 1999
6485 0 1999
6484 0 1999
6483 0 1999
6482 0 1999
6481 0 1999
6480 0 1999
6479 0 1999
6478 0 1999
6477 0 1999
6476 0 1999
6475 0 1999
6474 0 1999
6473 0 1999
6472 0 1999
6471 0 1999
6470 0 1999
6469 0 1999
6468 0 1999
6467 0 1999
6466 0 1999
6465 0 1999
6464 0 1999
6463 0 1999
6462 0 1999
6461 0 1999
6460 0 1999
6459 0 1999
6458 0 1999
6457 0 1999
6456 0 1999
6455 0 1999
6454 0 1999
6453 0 1999
6452 0 1999
6451 0 1999
6450 0 1999
6449 0 1999
6448 0 1999
6447 0 1999
6446 0 1999
6445 0 1999
6444 0 1999
6443 0 1999
6442 0 1999
6441 0 1999
6440 0 1999
6439 0 1999
6438 0 1999
6437 0 1999
6436 0 1999
6435 0 1999
6434 0 1999
6433 0 1999
6432 0 1999
6431 0 1999
6430 0 1999
6429 0 1999
6428 0 1999
6427 0 1999
6426 0 1999
6425 0 1999
6424 0 1999
6423 0 1999
6422 0 1999
6421 0 1999
6420 0 1999
6419 0 1999
6418 0 1999
6417 0 1999
6416 0 1999
6415 0 1999
6414 0 1999
6413 0 1999
6412 0 1999
6411 0 1999
6410 0 1999
6409 0 1999
6408 0 1999
6407 0 1999
6406 0 1999
6405 0 1999
6404 0 1999
6403 0 1999
6402 0 1999
6401 0 1999
6400 0 1999
6399 0 1999
6398 0 1999
6397 0 1999
6396 0 1999
6395 0 1999
6394 0 1999
6393 0 1999
6392 0 1999
6391 0 1999
6390 0 1999
6389 0 1999
6388 0 1999
6387 0 1999
6386 0 1999
6385 0 1999
6384 0 1999
6383 0 1999
6382 0 1999
6381 0 1999
6380 0 1999
6379 0 1999
6378 0 1999
6377 0 1999
6376 0 1999
6375 0 1999
6374 0 1999
6373 0 1999
6372 0 1999
6371 0 1999
6370 0 1999
6369 0 1999
6368 0 1999
6367 0 1999
6366 0 1999
6365 0 1999
6364 0 1999
6363 0 1999
6362 0 1999
6361 0 1999
6360 0 1999
6359 0 1999
6358 0 1999
6357 0 1999
6356 0 1999
6355 0 1999
6354 0 1999
6353 0 1999
6352 0 1999
6351 0 1999
6350 0 1999
6349 0 1999
6348 0 1999
6347 0 1999
6346 0 1999
6345 0 1999
6344 0 1999
6343 0 1999
6342 0 1999
6341 0 1999
6340 0 1999
6339 0 1999
6338 0 1999
6337 0 1999
6336 0 1999
6335 0 1999
6334 0 1999
6333 0 1999
6332 0 1999
6331 0 1999
6330 0 1999
6329 0 1999
6328 0 1999
6327 0 1999
6326 0 1999
6325 0 1999
6324 0 1999
6323 0 1999
6322 0 1999
6321 0 1999
6320 0 1999
6319 0 1999
6318 0 1999
6317 0 1999
6316 0 1999
6315 0 1999
6314 0 1999
6313 0 1999
6312 0 1999
6311 0 1999
6310 0 1999
6309 0 1999
6308 0 1999
6307 0 1999
6306 0 1999
6305 0 1999
6304 0 1999
6303 0 1999
6302 0 1999
6301 0 1999
6300 0 1999
6299 0 1999
6298 0 1999
6297 0 1999
6296 0 1999
6295 0 1999
6294 0 1999
6293 0 1999
6292 0 1999
6291 0 1999
6290 0 1999
6289 0 1999
6288 0 1999
6287 0 1999
6286 0 1999
6285 0 1999
6284 0 1999
6283 0 1999
6282 0 1999
6281 0 1999
6280 0 1999
6279 0 1999
6278 0 1999
6277 0 1999
6276 0 1999
6275 0 1999
6274 0 1999
6273 0 1999
6272 0 1999
6271 0 1999
6270 0 1999
6269 0 1999
6268 0 1999
6267 0 1999
6266 0 1999
6265 0 1999
6264 0 1999
6263 0 1999
6262 0 1999
6261 0 1999
6260 0 1999
6259 0 1999
6258 0 1999
6257 0 1999
6256 0 1999
6255 0 1999
6254 0 1999
6253 0 1999
6252 0 1999
6251 0 1999
6250 0 1999
6249 0 1999
6248 0 1999
6247 0 1999
6246 0 1999
6245 0 1999
6244 0 1999
6243 0 1999
6242 0 1999
6241 0 1999
6240 0 1999
6239 0 1999
6238 0 1999
6237 0 1999
6236 0 1999
6235 0 1999
6234 0 1999
6233 0 1999
6232 0 1999
6231 0 1999
6230 0 1999
6229 0 1999
6228 0 1999
6227 0 1999
6226 0 1999
6225 0 1999
6224 0 1999
6223 0 1999
6222 0 1999
6221 0 1999
6220 0 1999
6219 0 1999
6218 0 1999
6217 0 1999
6216 0 1999
6215 0 1999
6214 0 1999
6213 0 1999
6212 0 1999
6211 0 1999
6210 0 1999
6209 0 1999
6208 0 1999
6207 0 1999
6206 0 1999
6205 0 1999
6204 0 1999
6203 0 1999
6202 0 1999
6201 0 1999
6200 0 1999
6199 0 1999
6198 0 1999
6197 0 1999
6196 0 1999
6195 0 1999
6194 0 1999
6193 0 1999
6192 0 1999
6191 0 1999
6190 0 1999
6189 0 1999
6188 0 1999
6187 0 1999
6186 0 1999
6185 0 1999
6184 0 1999
6183 0 1999
6182 0 1999
6181 0 1999
6180 0 1999
6179 0 1999
6178 0 1999
6177 0 1999
6176 0 1999
6175 0 1999
6174 0 1999
6173 0 1999
6172 0 1999
6171 0 1999
6170 0 1999
6169 0 1999
6168 0 1999
6167 0 1999
6166 0 1999
6165 0 1999
6164 0 1999
6163 0 1999
6162 0 1999
6161 0 1999
6160 0 1999
6159 0 1999
6158 0 1999
6157 0 1999
6156 0 1999
6155 0 1999
6154 0 1999
6153 0 1999
6152 0 1999
6151 0 1999
6150 0 1999
6149 0 1999
6148 0 1999
6147 0 1999
6146 0 1999
6145 0 1999
6144 0 1999
6143 0 1999
6142 0 1999
6141 0 1999
6140 0 1999
6139 0 1999
6138 0 1999
6137 0 1999
6136 0 1999
6135 0 1999
6134 0 1999
6133 0 1999
6132 0 1999
6131 0 1999
6130 0 1999
6129 0 1999
6128 0 1999
6127 0 1999
6126 0 1999
6125 0 1999
6124 0 1999
6123 0 1999
6122 0 1999
6121 0 1999
6120 0 1999
6119 0 1999
6118 0 1999
6117 0 1999
6116 0 1999
6115 0 1999
6114 0 1999
6113 0 1999
6112 0 1999
6111 0 1999
6110 0 1999
6109 0 1999
6108 0 1999
6107 0 1999
6106 0 1999
6105 0 1999
6104 0 1999
6103 0 1999
6102 0 1999
6101 0 1999
6100 0 1999
6099 0 1999
6098 0 1999
6097 0 1999
6096 0 1999
6095 0 1999
6094 0 1999
6093 0 1999
6092 0 1999
6091 0 1999
6090 0 1999
6089 0 1999
6088 0 1999
6087 0 1999
6086 0 1999
6085 0 1999
6084 0 1999
6083 0 1999
6082 0 1999
6081 0 1999
6080 0 1999
6079 0 1999
6078 0 1999
6077 0 1999
6076 0 1999
6075 0 1999
6074 0 1999
6073 0 1999
6072 0 1999
6071 0 1999
6070 0 1999
6069 0 1999
6068 0 1999
6067 0 1999
6066 0 1999
6065 0 1999
6064 0 1999
6063 0 1999
6062 0 1999
6061 0 1999
6060 0 1999
6059 0 1999
6058 0 1999
6057 0 1999
6056 0 1999
6055 0 1999
6054 0 1999
6053 0 1999
6052 0 1999
6051 0 1999
6050 0 1999
6049 0 1999
6048 0 1999
6047 0 1999
6046 0 1999
6045 0 1999
6044 0 1999
6043 0 1999
6042 0 1999
6041 0 1999
6040 0 1999
6039 0 1999
6038 0 1999
6037 0 1999
6036 0 1999
6035 0 1999
6034 0 1999
6033 0 1999
6032 0 1999
6031 0 1999
6030 0 1999
6029 0 1999
6028 0 1999
6027 0 1999
6026 0 1999
6025 0 1999
6024 0 1999
6023 0 1999
6022 0 1999
6021 0 1999
6020 0 1999
6019 0 1999
6018 0 1999
6017 0 1999
6016 0 1999
6015 0 1999
6014 0 1999
6013 0 1999
6012 0 1999
6011 0 1999
6010 0 1999
6009 0 1999
6008 0 1999
6007 0 1999
6006 0 1999
6005 0 1999
6004 0 1999
6003 0 1999
6002 0 1999
6001 0 1999
6000 0 1999
5999 0 1999
5998 0 1999
5997 0 1999
5996 0 1999
5995 0 1999
5994 0 1999
5993 0 1999
5992 0 1999
5991 0 1999
5990 0 1999
5989 0 1999
5988 0 1999
5987 0 1999
5986 0 1999
5985 0 1999
5984 0 1999
5983 0 1999
5982 0 1999
5981 0 1999
5980 0 1999
5979 0 1999
5978 0 1999
5977 0 1999
5976 0 1999
5975 0 1999
5974 0 1999
5973 0 1999
5972 0 1999
5971 0 1999
5970 0 1999
5969 0 1999
5968 0 1999
5967 0 1999
5966 0 1999
5965 0 1999
5964 0 1999
5963 0 1999
5962 0 1999
5961 0 1999
5960 0 1999
5959 0 1999
5958 0 1999
5957 0 1999
5956 0 1999
5955 0 1999
5954 0 1999
5953 0 1999
5952 0 1999
5951 0 1999
5950 0 1999
5949 0 1999
5948 0 1999
5947 0 1999
5946 0 1999
5945 0 1999
5944 0 1999
5943 0 1999
5942 0 1999
5941 0 1999
5940 0 1999
5939 0 1999
5938 0 1999
5937 0 1999
5936 0 1999
5935 0 1999
5934 0 1999
5933 0 1999
5932 0 1999
5931 0 1999
5930 0 1999
5929 0 1999
5928 0 1999
5927 0 1999
5926 0 1999
5925 0 1999
5924 0 1999
5923 0 1999
5922 0 1999
5921 0 1999
5920 0 1999
5919 0 1999
5918 0 1999
5917 0 1999
5916 0 1999
5915 0 1999
5914 0 1999
5913 0 1999
5912 0 1999
5911 0 1999
5910 0 1999
5909 0 1999
5908 0 1999
5907 0 1999
5906 0 1999
5905 0 1999
5904 0 1999
5903 0 1999
5902 0 1999
5901 0 1999
5900 0 1999
5899 0 1999
5898 0 1999
5897 0 1999
5896 0 1999
5895 0 1999
5894 0 1999
5893 0 1999
5892 0 1999
5891 0 1999
5890 0 1999
5889 0 1999
5888 0 1999
5887 0 1999
5886 0 1999
5885 0 1999
5884 0 1999
5883 0 1999
5882 0 1999
5881 0 1999
5880 0 1999
5879 0 1999
5878 0 1999
5877 0 1999
5876 0 1999
5875 0 1999
5874 0 1999
5873 0 1999
5872 0 1999
5871 0 1999
5870 0 1999
5869 0 1999
5868 0 1999
5867 0 1999
5866 0 1999
5865 0 1999
5864 0 1999
5863 0 1999
5862 0 1999
5861 0 1999
5860 0 1999
5859 0 1999
5858 0 1999
5857 0 1999
5856 0 1999
5855 0 1999
5854 0 1999
5853 0 1999
5852 0 1999
5851 0 1999
5850 0 1999
5849 0 1999
5848 0 1999
5847 0 1999
5846 0 1999
5845 0 1999
5844 0 1999
5843 0 1999
5842 0 1999
5841 0 1999
5840 0 1999
5839 0 1999
5838 0 1999
5837 0 1999
5836 0 1999
5835 0 1999
5834 0 1999
5833 0 1999
5832 0 1999
5831 0 1999
5830 0 1999
5829 0 1999
5828 0 1999
5827 0 1999
5826 0 1999
5825 0 1999
5824 0 1999
5823 0 1999
5822 0 1999
5821 0 1999
5820 0 1999
5819 0 1999
5818 0 1999
5817 0 1999
5816 0 1999
5815 0 1999
5814 0 1999
5813 0 1999
5812 0 1999
5811 0 1999
5810 0 1999
5809 0 1999
5808 0 1999
5807 0 1999
5806 0 1999
5805 0 1999
5804 0 1999
5803 0 1999
5802 0 1999
5801 0 1999
5800 0 1999
5799 0 1999
5798 0 1999
5797 0 1999
5796 0 1999
5795 0 1999
5794 0 1999
5793 0 1999
5792 0 1999
5791 0 1999
5790 0 1999
5789 0 1999
5788 0 1999
5787 0 1999
5786 0 1999
5785 0 1999
5784 0 1999
5783 0 1999
5782 0 1999
5781 0 1999
5780 0 1999
5779 0 1999
5778 0 1999
5777 0 1999
5776 0 1999
5775 0 1999
5774 0 1999
5773 0 1999
5772 0 1999
5771 0 1999
5770 0 1999
5769 0 1999
5768 0 1999
5767 0 1999
5766 0 1999
5765 0 1999
5764 0 1999
5763 0 1999
5762 0 1999
5761 0 1999
5760 0 1999
5759 0 1999
5758 0 1999
5757 0 1999
5756 0 1999
5755 0 1999
5754 0 1999
5753 0 1999
5752 0 1999
5751 0 1999
5750 0 1999
5749 0 1999
5748 0 1999
5747 0 1999
5746 0 1999
5745 0 1999
5744 0 1999
5743 0 1999
5742 0 1999
5741 0 1999
5740 0 1999
5739 0 1999
5738 0 1999
5737 0 1999
5736 0 1999
5735 0 1999
5734 0 1999
5733 0 1999
5732 0 1999
5731 0 1999
5730 0 1999
5729 0 1999
5728 0 1999
5727 0 1999
5726 0 1999
5725 0 1999
5724 0 1999
5723 0 1999
5722 0 1999
5721 0 1999
5720 0 1999
5719 0 1999
5718 0 1999
5717 0 1999
5716 0 1999
5715 0 1999
5714 0 1999
5713 0 1999
5712 0 1999
5711 0 1999
5710 0 1999
5709 0 1999
5708 0 1999
5707 0 1999
5706 0 1999
5705 0 1999
5704 0 1999
5703 0 1999
5702 0 1999
5701 0 1999
5700 0 1999
5699 0 1999
5698 0 1999
5697 0 1999
5696 0 1999
5695 0 1999
5694 0 1999
5693 0 1999
5692 0 1999
5691 0 1999
5690 0 1999
5689 0 1999
5688 0 1999
5687 0 1999
5686 0 1999
5685 0 1999
5684 0 1999
5683 0 1999
5682 0 1999
5681 0 1999
5680 0 1999
5679 0 1999
5678 0 1999
5677 0 1999
5676 0 1999
5675 0 1999
5674 0 1999
5673 0 1999
5672 0 1999
5671 0 1999
5670 0 1999
5669 0 1999
5668 0 1999
5667 0 1999
5666 0 1999
5665 0 1999
5664 0 1999
5663 0 1999
5662 0 1999
5661 0 1999
5660 0 1999
5659 0 1999
5658 0 1999
5657 0 1999
5656 0 1999
5655 0 1999
5654 0 1999
5653 0 1999
5652 0 1999
5651 0 1999
5650 0 1999
5649 0 1999
5648 0 1999
5647 0 1999
5646 0 1999
5645 0 1999
5644 0 1999
5643 0 1999
5642 0 1999
5641 0 1999
5640 0 1999
5639 0 1999
5638 0 1999
5637 0 1999
5636 0 1999
5635 0 1999
5634 0 1999
5633 0 1999
5632 0 1999
5631 0 1999
5630 0 1999
5629 0 1999
5628 0 1999
5627 0 1999
5626 0 1999
5625 0 1999
5624 0 1999
5623 0 1999
5622 0 1999
5621 0 1999
5620 0 1999
5619 0 1999
5618 0 1999
5617 0 1999
5616 0 1999
5615 0 1999
5614 0 1999
5613 0 1999
5612 0 1999
5611 0 1999
5610 0 1999
5609 0 1999
5608 0 1999
5607 0 1999
5606 0 1999
5605 0 1999
5604 0 1999
5603 0 1999
5602 0 1999
5601 0 1999
5600 0 1999
5599 0 1999
5598 0 1999
5597 0 1999
5596 0 1999
5595 0 1999
5594 0 1999
5593 0 1999
5592 0 1999
5591 0 1999
5590 0 1999
5589 0 1999
5588 0 1999
5587 0 1999
5586 0 1999
5585 0 1999
5584 0 1999
5583 0 1999
5582 0 1999
5581 0 1999
5580 0 1999
5579 0 1999
5578 0 1999
5577 0 1999
5576 0 1999
5575 0 1999
5574 0 1999
5573 0 1999
5572 0 1999
5571 0 1999
5570 0 1999
5569 0 1999
5568 0 1999
5567 0 1999
5566 0 1999
5565 0 1999
5564 0 1999
5563 0 1999
5562 0 1999
5561 0 1999
5560 0 1999
5559 0 1999
5558 0 1999
5557 0 1999
5556 0 1999
5555 0 1999
5554 0 1999
5553 0 1999
5552 0 1999
5551 0 1999
5550 0 1999
5549 0 1999
5548 0 1999
5547 0 1999
5546 0 1999
5545 0 1999
5544 0 1999
5543 0 1999
5542 0 1999
5541 0 1999
5540 0 1999
5539 0 1999
5538 0 1999
5537 0 1999
5536 0 1999
5535 0 1999
5534 0 1999
5533 0 1999
5532 0 1999
5531 0 1999
5530 0 1999
5529 0 1999
5528 0 1999
5527 0 1999
5526 0 1999
5525 0 1999
5524 0 1999
5523 0 1999
5522 0 1999
5521 0 1999
5520 0 1999
5519 0 1999
5518 0 1999
5517 0 1999
5516 0 1999
5515 0 1999
5514 0 1999
5513 0 1999
5512 0 1999
5511 0 1999
5510 0 1999
5509 0 1999
5508 0 1999
5507 0 1999
5506 0 1999
5505 0 1999
5504 0 1999
5503 0 1999
5502 0 1999
5501 0 1999
5500 0 1999
5499 0 1999
5498 0 1999
5497 0 1999
5496 0 1999
5495 0 1999
5494 0 1999
5493 0 1999
5492 0 1999
5491 0 1999
5490 0 1999
5489 0 1999
5488 0 1999
5487 0 1999
5486 0 1999
5485 0 1999
5484 0 1999
5483 0 1999
5482 0 1999
5481 0 1999
5480 0 1999
5479 0 1999
5478 0 1999
5477 0 1999
5476 0 1999
5475 0 1999
5474 0 1999
5473 0 1999
5472 0 1999
5471 0 1999
5470 0 1999
5469 0 1999
5468 0 1999
5467 0 1999
5466 0 1999
5465 0 1999
5464 0 1999
5463 0 1999
5462 0 1999
5461 0 1999
5460 0 1999
5459 0 1999
5458 0 1999
5457 0 1999
5456 0 1999
5455 0 1999
5454 0 1999
5453 0 1999
5452 0 1999
5451 0 1999
5450 0 1999
5449 0 1999
5448 0 1999
5447 0 1999
5446 0 1999
5445 0 1999
5444 0 1999
5443 0 1999
5442 0 1999
5441 0 1999
5440 0 1999
5439 0 1999
5438 0 1999
5437 0 1999
5436 0 1999
5435 0 1999
5434 0 1999
5433 0 1999
5432 0 1999
5431 0 1999
5430 0 1999
5429 0 1999
5428 0 1999
5427 0 1999
5426 0 1999
5425 0 1999
5424 0 1999
5423 0 1999
5422 0 1999
5421 0 1999
5420 0 1999
5419 0 1999
5418 0 1999
5417 0 1999
5416 0 1999
5415 0 1999
5414 0 1999
5413 0 1999
5412 0 1999
5411 0 1999
5410 0 1999
5409 0 1999
5408 0 1999
5407 0 1999
5406 0 1999
5405 0 1999
5404 0 1999
5403 0 1999
5402 0 1999
5401 0 1999
5400 0 1999
5399 0 1999
5398 0 1999
5397 0 1999
5396 0 1999
5395 0 1999
5394 0 1999
5393 0 1999
5392 0 1999
5391 0 1999
5390 0 1999
5389 0 1999
5388 0 1999
5387 0 1999
5386 0 1999
5385 0 1999
5384 0 1999
5383 0 1999
5382 0 1999
5381 0 1999
5380 0 1999
5379 0 1999
5378 0 1999
5377 0 1999
5376 0 1999
5375 0 1999
5374 0 1999
5373 0 1999
5372 0 1999
5371 0 1999
5370 0 1999
5369 0 1999
5368 0 1999
5367 0 1999
5366 0 1999
5365 0 1999
5364 0 1999
5363 0 1999
5362 0 1999
5361 0 1999
5360 0 1999
5359 0 1999
5358 0 1999
5357 0 1999
5356 0 1999
5355 0 1999
5354 0 1999
5353 0 1999
5352 0 1999
5351 0 1999
5350 0 1999
5349 0 1999
5348 0 1999
5347 0 1999
5346 0 1999
5345 0 1999
5344 0 1999
5343 0 1999
5342 0 1999
5341 0 1999
5340 0 1999
5339 0 1999
5338 0 1999
5337 0 1999
5336 0 1999
5335 0 1999
5334 0 1999
5333 0 1999
5332 0 1999
5331 0 1999
5330 0 1999
5329 0 1999
5328 0 1999
5327 0 1999
5326 0 1999
5325 0 1999
5324 0 1999
5323 0 1999
5322 0 1999
5321 0 1999
5320 0 1999
5319 0 1999
5318 0 1999
5317 0 1999
5316 0 1999
5315 0 1999
5314 0 1999
5313 0 1999
5312 0 1999
5311 0 1999
5310 0 1999
5309 0 1999
5308 0 1999
5307 0 1999
5306 0 1999
5305 0 1999
5304 0 1999
5303 0 1999
5302 0 1999
5301 0 1999
5300 0 1999
5299 0 1999
5298 0 1999
5297 0 1999
5296 0 1999
5295 0 1999
5294 0 1999
5293 0 1999
5292 0 1999
5291 0 1999
5290 0 1999
5289 0 1999
5288 0 1999
5287 0 1999
5286 0 1999
5285 0 1999
5284 0 1999
5283 0 1999
5282 0 1999
5281 0 1999
5280 0 1999
5279 0 1999
5278 0 1999
5277 0 1999
5276 0 1999
5275 0 1999
5274 0 1999
5273 0 1999
5272 0 1999
5271 0 1999
5270 0 1999
5269 0 1999
5268 0 1999
5267 0 1999
5266 0 1999
5265 0 1999
5264 0 1999
5263 0 1999
5262 0 1999
5261 0 1999
5260 0 1999
5259 0 1999
5258 0 1999
5257 0 1999
5256 0 1999
5255 0 1999
5254 0 1999
5253 0 1999
5252 0 1999
5251 0 1999
5250 0 1999
5249 0 1999
5248 0 1999
5247 0 1999
5246 0 1999
5245 0 1999
5244 0 1999
5243 0 1999
5242 0 1999
5241 0 1999
5240 0 1999
5239 0 1999
5238 0 1999
5237 0 1999
5236 0 1999
5235 0 1999
5234 0 1999
5233 0 1999
5232 0 1999
5231 0 1999
5230 0 1999
5229 0 1999
5228 0 1999
5227 0 1999
5226 0 1999
5225 0 1999
5224 0 1999
5223 0 1999
5222 0 1999
5221 0 1999
5220 0 1999
5219 0 1999
5218 0 1999
5217 0 1999
5216 0 1999
5215 0 1999
5214 0 1999
5213 0 1999
5212 0 1999
5211 0 1999
5210 0 1999
5209 0 1999
5208 0 1999
5207 0 1999
5206 0 1999
5205 0 1999
5204 0 1999
5203 0 1999
5202 0 1999
5201 0 1999
5200 0 1999
5199 0 1999
5198 0 1999
5197 0 1999
5196 0 1999
5195 0 1999
5194 0 1999
5193 0 1999
5192 0 1999
5191 0 1999
5190 0 1999
5189 0 1999
5188 0 1999
5187 0 1999
5186 0 1999
5185 0 1999
5184 0 1999
5183 0 1999
5182 0 1999
5181 0 1999
5180 0 1999
5179 0 1999
5178 0 1999
5177 0 1999
5176 0 1999
5175 0 1999
5174 0 1999
5173 0 1999
5172 0 1999
5171 0 1999
5170 0 1999
5169 0 1999
5168 0 1999
5167 0 1999
5166 0 1999
5165 0 1999
5164 0 1999
5163 0 1999
5162 0 1999
5161 0 1999
5160 0 1999
5159 0 1999
5158 0 1999
5157 0 1999
5156 0 1999
5155 0 1999
5154 0 1999
5153 0 1999
5152 0 1999
5151 0 1999
5150 0 1999
5149 0 1999
5148 0 1999
5147 0 1999
5146 0 1999
5145 0 1999
5144 0 1999
5143 0 1999
5142 0 1999
5141 0 1999
5140 0 1999
5139 0 1999
5138 0 1999
5137 0 1999
5136 0 1999
5135 0 1999
5134 0 1999
5133 0 1999
5132 0 1999
5131 0 1999
5130 0 1999
5129 0 1999
5128 0 1999
5127 0 1999
5126 0 1999
5125 0 1999
5124 0 1999
5123 0 1999
5122 0 1999
5121 0 1999
5120 0 1999
5119 0 1999
5118 0 1999
5117 0 1999
5116 0 1999
5115 0 1999
5114 0 1999
5113 0 1999
5112 0 1999
5111 0 1999
5110 0 1999
5109 0 1999
5108 0 1999
5107 0 1999
5106 0 1999
5105 0 1999
5104 0 1999
5103 0 1999
5102 0 1999
5101 0 1999
5100 0 1999
5099 0 1999
5098 0 1999
5097 0 1999
5096 0 1999
5095 0 1999
5094 0 1999
5093 0 1999
5092 0 1999
5091 0 1999
5090 0 1999
5089 0 1999
5088 0 1999
5087 0 1999
5086 0 1999
5085 0 1999
5084 0 1999
5083 0 1999
5082 0 1999
5081 0 1999
5080 0 1999
5079 0 1999
5078 0 1999
5077 0 1999
5076 0 1999
5075 0 1999
5074 0 1999
5073 0 1999
5072 0 1999
5071 0 1999
5070 0 1999
5069 0 1999
5068 0 1999
5067 0 1999
5066 0 1999
5065 0 1999
5064 0 1999
5063 0 1999
5062 0 1999
5061 0 1999
5060 0 1999
5059 0 1999
5058 0 1999
5057 0 1999
5056 0 1999
5055 0 1999
5054 0 1999
5053 0 1999
5052 0 1999
5051 0 1999
5050 0 1999
5049 0 1999
5048 0 1999
5047 0 1999
5046 0 1999
5045 0 1999
5044 0 1999
5043 0 1999
5042 0 1999
5041 0 1999
5040 0 1999
5039 0 1999
5038 0 1999
5037 0 1999
5036 0 1999
5035 0 1999
5034 0 1999
5033 0 1999
5032 0 1999
5031 0 1999
5030 0 1999
5029 0 1999
5028 0 1999
5027 0 1999
5026 0 1999
5025 0 1999
5024 0 1999
5023 0 1999
5022 0 1999
5021 0 1999
5020 0 1999
5019 0 1999
5018 0 1999
5017 0 1999
5016 0 1999
5015 0 1999
5014 0 1999
5013 0 1999
5012 0 1999
5011 0 1999
5010 0 1999
5009 0 1999
5008 0 1999
5007 0 1999
5006 0 1999
5005 0 1999
5004 0 1999
5003 0 1999
5002 0 1999
5001 0 1999
5000 0 1999
