2000
0 0 10000
1 0 9999
2 0 9998
3 0 9997
4 0 9996
5 0 9995
6 0 9994
7 0 9993
8 0 9992
9 0 9991
10 0 9990
11 0 9989
12 0 9988
13 0 9987
14 0 9986
15 0 9985
16 0 9984
17 0 9983
18 0 9982
19 0 9981
20 0 9980
21 0 9979
22 0 9978
23 0 9977
24 0 9976
25 0 9975
26 0 9974
27 0 9973
28 0 9972
29 0 9971
30 0 9970
31 0 9969
32 0 9968
33 0 9967
34 0 9966
35 0 9965
36 0 9964
37 0 9963
38 0 9962
39 0 9961
40 0 9960
41 0 9959
42 0 9958
43 0 9957
44 0 9956
45 0 9955
46 0 9954
47 0 9953
48 0 9952
49 0 9951
50 0 9950
51 0 9949
52 0 9948
53 0 9947
54 0 9946
55 0 9945
56 0 9944
57 0 9943
58 0 9942
59 0 9941
60 0 9940
61 0 9939
62 0 9938
63 0 9937
64 0 9936
65 0 9935
66 0 9934
67 0 9933
68 0 9932
69 0 9931
70 0 9930
71 0 9929
72 0 9928
73 0 9927
74 0 9926
75 0 9925
76 0 9924
77 0 9923
78 0 9922
79 0 9921
80 0 9920
81 0 9919
82 0 9918
83 0 9917
84 0 9916
85 0 9915
86 0 9914
87 0 9913
88 0 9912
89 0 9911
90 0 9910
91 0 9909
92 0 9908
93 0 9907
94 0 9906
95 0 9905
96 0 9904
97 0 9903
98 0 9902
99 0 9901
100 0 9900
101 0 9899
102 0 9898
103 0 9897
104 0 9896
105 0 9895
106 0 9894
107 0 9893
108 0 9892
109 0 9891
110 0 9890
111 0 9889
112 0 9888
113 0 9887
114 0 9886
115 0 9885
116 0 9884
117 0 9883
118 0 9882
119 0 9881
120 0 9880
121 0 9879
122 0 9878
123 0 9877
124 0 9876
125 0 9875
126 0 9874
127 0 9873
128 0 9872
129 0 9871
130 0 9870
131 0 9869
132 0 9868
133 0 9867
134 0 9866
135 0 9865
136 0 9864
137 0 9863
138 0 9862
139 0 9861
140 0 9860
141 0 9859
142 0 9858
143 0 9857
144 0 9856
145 0 9855
146 0 9854
147 0 9853
148 0 9852
149 0 9851
150 0 9850
151 0 9849
152 0 9848
153 0 9847
154 0 9846
155 0 9845
156 0 9844
157 0 9843
158 0 9842
159 0 9841
160 0 9840
161 0 9839
162 0 9838
163 0 9837
164 0 9836
165 0 9835
166 0 9834
167 0 9833
168 0 9832
169 0 9831
170 0 9830
171 0 9829
172 0 9828
173 0 9827
174 0 9826
175 0 9825
176 0 9824
177 0 9823
178 0 9822
179 0 9821
180 0 9820
181 0 9819
182 0 9818
183 0 9817
184 0 9816
185 0 9815
186 0 9814
187 0 9813
188 0 9812
189 0 9811
190 0 9810
191 0 9809
192 0 9808
193 0 9807
194 0 9806
195 0 9805
196 0 9804
197 0 9803
198 0 9802
199 0 9801
200 0 9800
201 0 9799
202 0 9798
203 0 9797
204 0 9796
205 0 9795
206 0 9794
207 0 9793
208 0 9792
209 0 9791
210 0 9790
211 0 9789
212 0 9788
213 0 9787
214 0 9786
215 0 9785
216 0 9784
217 0 9783
218 0 9782
219 0 9781
220 0 9780
221 0 9779
222 0 9778
223 0 9777
224 0 9776
225 0 9775
226 0 9774
227 0 9773
228 0 9772
229 0 9771
230 0 9770
231 0 9769
232 0 9768
233 0 9767
234 0 9766
235 0 9765
236 0 9764
237 0 9763
238 0 9762
239 0 9761
240 0 9760
241 0 9759
242 0 9758
243 0 9757
244 0 9756
245 0 9755
246 0 9754
247 0 9753
248 0 9752
249 0 9751
250 0 9750
251 0 9749
252 0 9748
253 0 9747
254 0 9746
255 0 9745
256 0 9744
257 0 9743
258 0 9742
259 0 9741
260 0 9740
261 0 9739
262 0 9738
263 0 9737
264 0 9736
265 0 9735
266 0 9734
267 0 9733
268 0 9732
269 0 9731
270 0 9730
271 0 9729
272 0 9728
273 0 9727
274 0 9726
275 0 9725
276 0 9724
277 0 9723
278 0 9722
279 0 9721
280 0 9720
281 0 9719
282 0 9718
283 0 9717
284 0 9716
285 0 9715
286 0 9714
287 0 9713
288 0 9712
289 0 9711
290 0 9710
291 0 9709
292 0 9708
293 0 9707
294 0 9706
295 0 9705
296 0 9704
297 0 9703
298 0 9702
299 0 9701
300 0 9700
301 0 9699
302 0 9698
303 0 9697
304 0 9696
305 0 9695
306 0 9694
307 0 9693
308 0 9692
309 0 9691
310 0 9690
311 0 9689
312 0 9688
313 0 9687
314 0 9686
315 0 9685
316 0 9684
317 0 9683
318 0 9682
319 0 9681
320 0 9680
321 0 9679
322 0 9678
323 0 9677
324 0 9676
325 0 9675
326 0 9674
327 0 9673
328 0 9672
329 0 9671
330 0 9670
331 0 9669
332 0 9668
333 0 9667
334 0 9666
335 0 9665
336 0 9664
337 0 9663
338 0 9662
339 0 9661
340 0 9660
341 0 9659
342 0 9658
343 0 9657
344 0 9656
345 0 9655
346 0 9654
347 0 9653
348 0 9652
349 0 9651
350 0 9650
351 0 9649
352 0 9648
353 0 9647
354 0 9646
355 0 9645
356 0 9644
357 0 9643
358 0 9642
359 0 9641
360 0 9640
361 0 9639
362 0 9638
363 0 9637
364 0 9636
365 0 9635
366 0 9634
367 0 9633
368 0 9632
369 0 9631
370 0 9630
371 0 9629
372 0 9628
373 0 9627
374 0 9626
375 0 9625
376 0 9624
377 0 9623
378 0 9622
379 0 9621
380 0 9620
381 0 9619
382 0 9618
383 0 9617
384 0 9616
385 0 9615
386 0 9614
387 0 9613
388 0 9612
389 0 9611
390 0 9610
391 0 9609
392 0 9608
393 0 9607
394 0 9606
395 0 9605
396 0 9604
397 0 9603
398 0 9602
399 0 9601
400 0 9600
401 0 9599
402 0 9598
403 0 9597
404 0 9596
405 0 9595
406 0 9594
407 0 9593
408 0 9592
409 0 9591
410 0 9590
411 0 9589
412 0 9588
413 0 9587
414 0 9586
415 0 9585
416 0 9584
417 0 9583
418 0 9582
419 0 9581
420 0 9580
421 0 9579
422 0 9578
423 0 9577
424 0 9576
425 0 9575
426 0 9574
427 0 9573
428 0 9572
429 0 9571
430 0 9570
431 0 9569
432 0 9568
433 0 9567
434 0 9566
435 0 9565
436 0 9564
437 0 9563
438 0 9562
439 0 9561
440 0 9560
441 0 9559
442 0 9558
443 0 9557
444 0 9556
445 0 9555
446 0 9554
447 0 9553
448 0 9552
449 0 9551
450 0 9550
451 0 9549
452 0 9548
453 0 9547
454 0 9546
455 0 9545
456 0 9544
457 0 9543
458 0 9542
459 0 9541
460 0 9540
461 0 9539
462 0 9538
463 0 9537
464 0 9536
465 0 9535
466 0 9534
467 0 9533
468 0 9532
469 0 9531
470 0 9530
471 0 9529
472 0 9528
473 0 9527
474 0 9526
475 0 9525
476 0 9524
477 0 9523
478 0 9522
479 0 9521
480 0 9520
481 0 9519
482 0 9518
483 0 9517
484 0 9516
485 0 9515
486 0 9514
487 0 9513
488 0 9512
489 0 9511
490 0 9510
491 0 9509
492 0 9508
493 0 9507
494 0 9506
495 0 9505
496 0 9504
497 0 9503
498 0 9502
499 0 9501
500 0 9500
501 0 9499
502 0 9498
503 0 9497
504 0 9496
505 0 9495
506 0 9494
507 0 9493
508 0 9492
509 0 9491
510 0 9490
511 0 9489
512 0 9488
513 0 9487
514 0 9486
515 0 9485
516 0 9484
517 0 9483
518 0 9482
519 0 9481
520 0 9480
521 0 9479
522 0 9478
523 0 9477
524 0 9476
525 0 9475
526 0 9474
527 0 9473
528 0 9472
529 0 9471
530 0 9470
531 0 9469
532 0 9468
533 0 9467
534 0 9466
535 0 9465
536 0 9464
537 0 9463
538 0 9462
539 0 9461
540 0 9460
541 0 9459
542 0 9458
543 0 9457
544 0 9456
545 0 9455
546 0 9454
547 0 9453
548 0 9452
549 0 9451
550 0 9450
551 0 9449
552 0 9448
553 0 9447
554 0 9446
555 0 9445
556 0 9444
557 0 9443
558 0 9442
559 0 9441
560 0 9440
561 0 9439
562 0 9438
563 0 9437
564 0 9436
565 0 9435
566 0 9434
567 0 9433
568 0 9432
569 0 9431
570 0 9430
571 0 9429
572 0 9428
573 0 9427
574 0 9426
575 0 9425
576 0 9424
577 0 9423
578 0 9422
579 0 9421
580 0 9420
581 0 9419
582 0 9418
583 0 9417
584 0 9416
585 0 9415
586 0 9414
587 0 9413
588 0 9412
589 0 9411
590 0 9410
591 0 9409
592 0 9408
593 0 9407
594 0 9406
595 0 9405
596 0 9404
597 0 9403
598 0 9402
599 0 9401
600 0 9400
601 0 9399
602 0 9398
603 0 9397
604 0 9396
605 0 9395
606 0 9394
607 0 9393
608 0 9392
609 0 9391
610 0 9390
611 0 9389
612 0 9388
613 0 9387
614 0 9386
615 0 9385
616 0 9384
617 0 9383
618 0 9382
619 0 9381
620 0 9380
621 0 9379
622 0 9378
623 0 9377
624 0 9376
625 0 9375
626 0 9374
627 0 9373
628 0 9372
629 0 9371
630 0 9370
631 0 9369
632 0 9368
633 0 9367
634 0 9366
635 0 9365
636 0 9364
637 0 9363
638 0 9362
639 0 9361
640 0 9360
641 0 9359
642 0 9358
643 0 9357
644 0 9356
645 0 9355
646 0 9354
647 0 9353
648 0 9352
649 0 9351
650 0 9350
651 0 9349
652 0 9348
653 0 9347
654 0 9346
655 0 9345
656 0 9344
657 0 9343
658 0 9342
659 0 9341
660 0 9340
661 0 9339
662 0 9338
663 0 9337
664 0 9336
665 0 9335
666 0 9334
667 0 9333
668 0 9332
669 0 9331
670 0 9330
671 0 9329
672 0 9328
673 0 9327
674 0 9326
675 0 9325
676 0 9324
677 0 9323
678 0 9322
679 0 9321
680 0 9320
681 0 9319
682 0 9318
683 0 9317
684 0 9316
685 0 9315
686 0 9314
687 0 9313
688 0 9312
689 0 9311
690 0 9310
691 0 9309
692 0 9308
693 0 9307
694 0 9306
695 0 9305
696 0 9304
697 0 9303
698 0 9302
699 0 9301
700 0 9300
701 0 9299
702 0 9298
703 0 9297
704 0 9296
705 0 9295
706 0 9294
707 0 9293
708 0 9292
709 0 9291
710 0 9290
711 0 9289
712 0 9288
713 0 9287
714 0 9286
715 0 9285
716 0 9284
717 0 9283
718 0 9282
719 0 9281
720 0 9280
721 0 9279
722 0 9278
723 0 9277
724 0 9276
725 0 9275
726 0 9274
727 0 9273
728 0 9272
729 0 9271
730 0 9270
731 0 9269
732 0 9268
733 0 9267
734 0 9266
735 0 9265
736 0 9264
737 0 9263
738 0 9262
739 0 9261
740 0 9260
741 0 9259
742 0 9258
743 0 9257
744 0 9256
745 0 9255
746 0 9254
747 0 9253
748 0 9252
749 0 9251
750 0 9250
751 0 9249
752 0 9248
753 0 9247
754 0 9246
755 0 9245
756 0 9244
757 0 9243
758 0 9242
759 0 9241
760 0 9240
761 0 9239
762 0 9238
763 0 9237
764 0 9236
765 0 9235
766 0 9234
767 0 9233
768 0 9232
769 0 9231
770 0 9230
771 0 9229
772 0 9228
773 0 9227
774 0 9226
775 0 9225
776 0 9224
777 0 9223
778 0 9222
779 0 9221
780 0 9220
781 0 9219
782 0 9218
783 0 9217
784 0 9216
785 0 9215
786 0 9214
787 0 9213
788 0 9212
789 0 9211
790 0 9210
791 0 9209
792 0 9208
793 0 9207
794 0 9206
795 0 9205
796 0 9204
797 0 9203
798 0 9202
799 0 9201
800 0 9200
801 0 9199
802 0 9198
803 0 9197
804 0 9196
805 0 9195
806 0 9194
807 0 9193
808 0 9192
809 0 9191
810 0 9190
811 0 9189
812 0 9188
813 0 9187
814 0 9186
815 0 9185
816 0 9184
817 0 9183
818 0 9182
819 0 9181
820 0 9180
821 0 9179
822 0 9178
823 0 9177
824 0 9176
825 0 9175
826 0 9174
827 0 9173
828 0 9172
829 0 9171
830 0 9170
831 0 9169
832 0 9168
833 0 9167
834 0 9166
835 0 9165
836 0 9164
837 0 9163
838 0 9162
839 0 9161
840 0 9160
841 0 9159
842 0 9158
843 0 9157
844 0 9156
845 0 9155
846 0 9154
847 0 9153
848 0 9152
849 0 9151
850 0 9150
851 0 9149
852 0 9148
853 0 9147
854 0 9146
855 0 9145
856 0 9144
857 0 9143
858 0 9142
859 0 9141
860 0 9140
861 0 9139
862 0 9138
863 0 9137
864 0 9136
865 0 9135
866 0 9134
867 0 9133
868 0 9132
869 0 9131
870 0 9130
871 0 9129
872 0 9128
873 0 9127
874 0 9126
875 0 9125
876 0 9124
877 0 9123
878 0 9122
879 0 9121
880 0 9120
881 0 9119
882 0 9118
883 0 9117
884 0 9116
885 0 9115
886 0 9114
887 0 9113
888 0 9112
889 0 9111
890 0 9110
891 0 9109
892 0 9108
893 0 9107
894 0 9106
895 0 9105
896 0 9104
897 0 9103
898 0 9102
899 0 9101
900 0 9100
901 0 9099
902 0 9098
903 0 9097
904 0 9096
905 0 9095
906 0 9094
907 0 9093
908 0 9092
909 0 9091
910 0 9090
911 0 9089
912 0 9088
913 0 9087
914 0 9086
915 0 9085
916 0 9084
917 0 9083
918 0 9082
919 0 9081
920 0 9080
921 0 9079
922 0 9078
923 0 9077
924 0 9076
925 0 9075
926 0 9074
927 0 9073
928 0 9072
929 0 9071
930 0 9070
931 0 9069
932 0 9068
933 0 9067
934 0 9066
935 0 9065
936 0 9064
937 0 9063
938 0 9062
939 0 9061
940 0 9060
941 0 9059
942 0 9058
943 0 9057
944 0 9056
945 0 9055
946 0 9054
947 0 9053
948 0 9052
949 0 9051
950 0 9050
951 0 9049
952 0 9048
953 0 9047
954 0 9046
955 0 9045
956 0 9044
957 0 9043
958 0 9042
959 0 9041
960 0 9040
961 0 9039
962 0 9038
963 0 9037
964 0 9036
965 0 9035
966 0 9034
967 0 9033
968 0 9032
969 0 9031
970 0 9030
971 0 9029
972 0 9028
973 0 9027
974 0 9026
975 0 9025
976 0 9024
977 0 9023
978 0 9022
979 0 9021
980 0 9020
981 0 9019
982 0 9018
983 0 9017
984 0 9016
985 0 9015
986 0 9014
987 0 9013
988 0 9012
989 0 9011
990 0 9010
991 0 9009
992 0 9008
993 0 9007
994 0 9006
995 0 9005
996 0 9004
997 0 9003
998 0 9002
999 0 9001
1000 0 9000
1001 0 8999
1002 0 8998
1003 0 8997
1004 0 8996
1005 0 8995
1006 0 8994
1007 0 8993
1008 0 8992
1009 0 8991
1010 0 8990
1011 0 8989
1012 0 8988
1013 0 8987
1014 0 8986
1015 0 8985
1016 0 8984
1017 0 8983
1018 0 8982
1019 0 8981
1020 0 8980
1021 0 8979
1022 0 8978
1023 0 8977
1024 0 8976
1025 0 8975
1026 0 8974
1027 0 8973
1028 0 8972
1029 0 8971
1030 0 8970
1031 0 8969
1032 0 8968
1033 0 8967
1034 0 8966
1035 0 8965
1036 0 8964
1037 0 8963
1038 0 8962
1039 0 8961
1040 0 8960
1041 0 8959
1042 0 8958
1043 0 8957
1044 0 8956
1045 0 8955
1046 0 8954
1047 0 8953
1048 0 8952
1049 0 8951
1050 0 8950
1051 0 8949
1052 0 8948
1053 0 8947
1054 0 8946
1055 0 8945
1056 0 8944
1057 0 8943
1058 0 8942
1059 0 8941
1060 0 8940
1061 0 8939
1062 0 8938
1063 0 8937
1064 0 8936
1065 0 8935
1066 0 8934
1067 0 8933
1068 0 8932
1069 0 8931
1070 0 8930
1071 0 8929
1072 0 8928
1073 0 8927
1074 0 8926
1075 0 8925
1076 0 8924
1077 0 8923
1078 0 8922
1079 0 8921
1080 0 8920
1081 0 8919
1082 0 8918
1083 0 8917
1084 0 8916
1085 0 8915
1086 0 8914
1087 0 8913
1088 0 8912
1089 0 8911
1090 0 8910
1091 0 8909
1092 0 8908
1093 0 8907
1094 0 8906
1095 0 8905
1096 0 8904
1097 0 8903
1098 0 8902
1099 0 8901
1100 0 8900
1101 0 8899
1102 0 8898
1103 0 8897
1104 0 8896
1105 0 8895
1106 0 8894
1107 0 8893
1108 0 8892
1109 0 8891
1110 0 8890
1111 0 8889
1112 0 8888
1113 0 8887
1114 0 8886
1115 0 8885
1116 0 8884
1117 0 8883
1118 0 8882
1119 0 8881
1120 0 8880
1121 0 8879
1122 0 8878
1123 0 8877
1124 0 8876
1125 0 8875
1126 0 8874
1127 0 8873
1128 0 8872
1129 0 8871
1130 0 8870
1131 0 8869
1132 0 8868
1133 0 8867
1134 0 8866
1135 0 8865
1136 0 8864
1137 0 8863
1138 0 8862
1139 0 8861
1140 0 8860
1141 0 8859
1142 0 8858
1143 0 8857
1144 0 8856
1145 0 8855
1146 0 8854
1147 0 8853
1148 0 8852
1149 0 8851
1150 0 8850
1151 0 8849
1152 0 8848
1153 0 8847
1154 0 8846
1155 0 8845
1156 0 8844
1157 0 8843
1158 0 8842
1159 0 8841
1160 0 8840
1161 0 8839
1162 0 8838
1163 0 8837
1164 0 8836
1165 0 8835
1166 0 8834
1167 0 8833
1168 0 8832
1169 0 8831
1170 0 8830
1171 0 8829
1172 0 8828
1173 0 8827
1174 0 8826
1175 0 8825
1176 0 8824
1177 0 8823
1178 0 8822
1179 0 8821
1180 0 8820
1181 0 8819
1182 0 8818
1183 0 8817
1184 0 8816
1185 0 8815
1186 0 8814
1187 0 8813
1188 0 8812
1189 0 8811
1190 0 8810
1191 0 8809
1192 0 8808
1193 0 8807
1194 0 8806
1195 0 8805
1196 0 8804
1197 0 8803
1198 0 8802
1199 0 8801
1200 0 8800
1201 0 8799
1202 0 8798
1203 0 8797
1204 0 8796
1205 0 8795
1206 0 8794
1207 0 8793
1208 0 8792
1209 0 8791
1210 0 8790
1211 0 8789
1212 0 8788
1213 0 8787
1214 0 8786
1215 0 8785
1216 0 8784
1217 0 8783
1218 0 8782
1219 0 8781
1220 0 8780
1221 0 8779
1222 0 8778
1223 0 8777
1224 0 8776
1225 0 8775
1226 0 8774
1227 0 8773
1228 0 8772
1229 0 8771
1230 0 8770
1231 0 8769
1232 0 8768
1233 0 8767
1234 0 8766
1235 0 8765
1236 0 8764
1237 0 8763
1238 0 8762
1239 0 8761
1240 0 8760
1241 0 8759
1242 0 8758
1243 0 8757
1244 0 8756
1245 0 8755
1246 0 8754
1247 0 8753
1248 0 8752
1249 0 8751
1250 0 8750
1251 0 8749
1252 0 8748
1253 0 8747
1254 0 8746
1255 0 8745
1256 0 8744
1257 0 8743
1258 0 8742
1259 0 8741
1260 0 8740
1261 0 8739
1262 0 8738
1263 0 8737
1264 0 8736
1265 0 8735
1266 0 8734
1267 0 8733
1268 0 8732
1269 0 8731
1270 0 8730
1271 0 8729
1272 0 8728
1273 0 8727
1274 0 8726
1275 0 8725
1276 0 8724
1277 0 8723
1278 0 8722
1279 0 8721
1280 0 8720
1281 0 8719
1282 0 8718
1283 0 8717
1284 0 8716
1285 0 8715
1286 0 8714
1287 0 8713
1288 0 8712
1289 0 8711
1290 0 8710
1291 0 8709
1292 0 8708
1293 0 8707
1294 0 8706
1295 0 8705
1296 0 8704
1297 0 8703
1298 0 8702
1299 0 8701
1300 0 8700
1301 0 8699
1302 0 8698
1303 0 8697
1304 0 8696
1305 0 8695
1306 0 8694
1307 0 8693
1308 0 8692
1309 0 8691
1310 0 8690
1311 0 8689
1312 0 8688
1313 0 8687
1314 0 8686
1315 0 8685
1316 0 8684
1317 0 8683
1318 0 8682
1319 0 8681
1320 0 8680
1321 0 8679
1322 0 8678
1323 0 8677
1324 0 8676
1325 0 8675
1326 0 8674
1327 0 8673
1328 0 8672
1329 0 8671
1330 0 8670
1331 0 8669
1332 0 8668
1333 0 8667
1334 0 8666
1335 0 8665
1336 0 8664
1337 0 8663
1338 0 8662
1339 0 8661
1340 0 8660
1341 0 8659
1342 0 8658
1343 0 8657
1344 0 8656
1345 0 8655
1346 0 8654
1347 0 8653
1348 0 8652
1349 0 8651
1350 0 8650
1351 0 8649
1352 0 8648
1353 0 8647
1354 0 8646
1355 0 8645
1356 0 8644
1357 0 8643
1358 0 8642
1359 0 8641
1360 0 8640
1361 0 8639
1362 0 8638
1363 0 8637
1364 0 8636
1365 0 8635
1366 0 8634
1367 0 8633
1368 0 8632
1369 0 8631
1370 0 8630
1371 0 8629
1372 0 8628
1373 0 8627
1374 0 8626
1375 0 8625
1376 0 8624
1377 0 8623
1378 0 8622
1379 0 8621
1380 0 8620
1381 0 8619
1382 0 8618
1383 0 8617
1384 0 8616
1385 0 8615
1386 0 8614
1387 0 8613
1388 0 8612
1389 0 8611
1390 0 8610
1391 0 8609
1392 0 8608
1393 0 8607
1394 0 8606
1395 0 8605
1396 0 8604
1397 0 8603
1398 0 8602
1399 0 8601
1400 0 8600
1401 0 8599
1402 0 8598
1403 0 8597
1404 0 8596
1405 0 8595
1406 0 8594
1407 0 8593
1408 0 8592
1409 0 8591
1410 0 8590
1411 0 8589
1412 0 8588
1413 0 8587
1414 0 8586
1415 0 8585
1416 0 8584
1417 0 8583
1418 0 8582
1419 0 8581
1420 0 8580
1421 0 8579
1422 0 8578
1423 0 8577
1424 0 8576
1425 0 8575
1426 0 8574
1427 0 8573
1428 0 8572
1429 0 8571
1430 0 8570
1431 0 8569
1432 0 8568
1433 0 8567
1434 0 8566
1435 0 8565
1436 0 8564
1437 0 8563
1438 0 8562
1439 0 8561
1440 0 8560
1441 0 8559
1442 0 8558
1443 0 8557
1444 0 8556
1445 0 8555
1446 0 8554
1447 0 8553
1448 0 8552
1449 0 8551
1450 0 8550
1451 0 8549
1452 0 8548
1453 0 8547
1454 0 8546
1455 0 8545
1456 0 8544
1457 0 8543
1458 0 8542
1459 0 8541
1460 0 8540
1461 0 8539
1462 0 8538
1463 0 8537
1464 0 8536
1465 0 8535
1466 0 8534
1467 0 8533
1468 0 8532
1469 0 8531
1470 0 8530
1471 0 8529
1472 0 8528
1473 0 8527
1474 0 8526
1475 0 8525
1476 0 8524
1477 0 8523
1478 0 8522
1479 0 8521
1480 0 8520
1481 0 8519
1482 0 8518
1483 0 8517
1484 0 8516
1485 0 8515
1486 0 8514
1487 0 8513
1488 0 8512
1489 0 8511
1490 0 8510
1491 0 8509
1492 0 8508
1493 0 8507
1494 0 8506
1495 0 8505
1496 0 8504
1497 0 8503
1498 0 8502
1499 0 8501
1500 0 8500
1501 0 8499
1502 0 8498
1503 0 8497
1504 0 8496
1505 0 8495
1506 0 8494
1507 0 8493
1508 0 8492
1509 0 8491
1510 0 8490
1511 0 8489
1512 0 8488
1513 0 8487
1514 0 8486
1515 0 8485
1516 0 8484
1517 0 8483
1518 0 8482
1519 0 8481
1520 0 8480
1521 0 8479
1522 0 8478
1523 0 8477
1524 0 8476
1525 0 8475
1526 0 8474
1527 0 8473
1528 0 8472
1529 0 8471
1530 0 8470
1531 0 8469
1532 0 8468
1533 0 8467
1534 0 8466
1535 0 8465
1536 0 8464
1537 0 8463
1538 0 8462
1539 0 8461
1540 0 8460
1541 0 8459
1542 0 8458
1543 0 8457
1544 0 8456
1545 0 8455
1546 0 8454
1547 0 8453
1548 0 8452
1549 0 8451
1550 0 8450
1551 0 8449
1552 0 8448
1553 0 8447
1554 0 8446
1555 0 8445
1556 0 8444
1557 0 8443
1558 0 8442
1559 0 8441
1560 0 8440
1561 0 8439
1562 0 8438
1563 0 8437
1564 0 8436
1565 0 8435
1566 0 8434
1567 0 8433
1568 0 8432
1569 0 8431
1570 0 8430
1571 0 8429
1572 0 8428
1573 0 8427
1574 0 8426
1575 0 8425
1576 0 8424
1577 0 8423
1578 0 8422
1579 0 8421
1580 0 8420
1581 0 8419
1582 0 8418
1583 0 8417
1584 0 8416
1585 0 8415
1586 0 8414
1587 0 8413
1588 0 8412
1589 0 8411
1590 0 8410
1591 0 8409
1592 0 8408
1593 0 8407
1594 0 8406
1595 0 8405
1596 0 8404
1597 0 8403
1598 0 8402
1599 0 8401
1600 0 8400
1601 0 8399
1602 0 8398
1603 0 8397
1604 0 8396
1605 0 8395
1606 0 8394
1607 0 8393
1608 0 8392
1609 0 8391
1610 0 8390
1611 0 8389
1612 0 8388
1613 0 8387
1614 0 8386
1615 0 8385
1616 0 8384
1617 0 8383
1618 0 8382
1619 0 8381
1620 0 8380
1621 0 8379
1622 0 8378
1623 0 8377
1624 0 8376
1625 0 8375
1626 0 8374
1627 0 8373
1628 0 8372
1629 0 8371
1630 0 8370
1631 0 8369
1632 0 8368
1633 0 8367
1634 0 8366
1635 0 8365
1636 0 8364
1637 0 8363
1638 0 8362
1639 0 8361
1640 0 8360
1641 0 8359
1642 0 8358
1643 0 8357
1644 0 8356
1645 0 8355
1646 0 8354
1647 0 8353
1648 0 8352
1649 0 8351
1650 0 8350
1651 0 8349
1652 0 8348
1653 0 8347
1654 0 8346
1655 0 8345
1656 0 8344
1657 0 8343
1658 0 8342
1659 0 8341
1660 0 8340
1661 0 8339
1662 0 8338
1663 0 8337
1664 0 8336
1665 0 8335
1666 0 8334
1667 0 8333
1668 0 8332
1669 0 8331
1670 0 8330
1671 0 8329
1672 0 8328
1673 0 8327
1674 0 8326
1675 0 8325
1676 0 8324
1677 0 8323
1678 0 8322
1679 0 8321
1680 0 8320
1681 0 8319
1682 0 8318
1683 0 8317
1684 0 8316
1685 0 8315
1686 0 8314
1687 0 8313
1688 0 8312
1689 0 8311
1690 0 8310
1691 0 8309
1692 0 8308
1693 0 8307
1694 0 8306
1695 0 8305
1696 0 8304
1697 0 8303
1698 0 8302
1699 0 8301
1700 0 8300
1701 0 8299
1702 0 8298
1703 0 8297
1704 0 8296
1705 0 8295
1706 0 8294
1707 0 8293
1708 0 8292
1709 0 8291
1710 0 8290
1711 0 8289
1712 0 8288
1713 0 8287
1714 0 8286
1715 0 8285
1716 0 8284
1717 0 8283
1718 0 8282
1719 0 8281
1720 0 8280
1721 0 8279
1722 0 8278
1723 0 8277
1724 0 8276
1725 0 8275
1726 0 8274
1727 0 8273
1728 0 8272
1729 0 8271
1730 0 8270
1731 0 8269
1732 0 8268
1733 0 8267
1734 0 8266
1735 0 8265
1736 0 8264
1737 0 8263
1738 0 8262
1739 0 8261
1740 0 8260
1741 0 8259
1742 0 8258
1743 0 8257
1744 0 8256
1745 0 8255
1746 0 8254
1747 0 8253
1748 0 8252
1749 0 8251
1750 0 8250
1751 0 8249
1752 0 8248
1753 0 8247
1754 0 8246
1755 0 8245
1756 0 8244
1757 0 8243
1758 0 8242
1759 0 8241
1760 0 8240
1761 0 8239
1762 0 8238
1763 0 8237
1764 0 8236
1765 0 8235
1766 0 8234
1767 0 8233
1768 0 8232
1769 0 8231
1770 0 8230
1771 0 8229
1772 0 8228
1773 0 8227
1774 0 8226
1775 0 8225
1776 0 8224
1777 0 8223
1778 0 8222
1779 0 8221
1780 0 8220
1781 0 8219
1782 0 8218
1783 0 8217
1784 0 8216
1785 0 8215
1786 0 8214
1787 0 8213
1788 0 8212
1789 0 8211
1790 0 8210
1791 0 8209
1792 0 8208
1793 0 8207
1794 0 8206
1795 0 8205
1796 0 8204
1797 0 8203
1798 0 8202
1799 0 8201
1800 0 8200
1801 0 8199
1802 0 8198
1803 0 8197
1804 0 8196
1805 0 8195
1806 0 8194
1807 0 8193
1808 0 8192
1809 0 8191
1810 0 8190
1811 0 8189
1812 0 8188
1813 0 8187
1814 0 8186
1815 0 8185
1816 0 8184
1817 0 8183
1818 0 8182
1819 0 8181
1820 0 8180
1821 0 8179
1822 0 8178
1823 0 8177
1824 0 8176
1825 0 8175
1826 0 8174
1827 0 8173
1828 0 8172
1829 0 8171
1830 0 8170
1831 0 8169
1832 0 8168
1833 0 8167
1834 0 8166
1835 0 8165
1836 0 8164
1837 0 8163
1838 0 8162
1839 0 8161
1840 0 8160
1841 0 8159
1842 0 8158
1843 0 8157
1844 0 8156
1845 0 8155
1846 0 8154
1847 0 8153
1848 0 8152
1849 0 8151
1850 0 8150
1851 0 8149
1852 0 8148
1853 0 8147
1854 0 8146
1855 0 8145
1856 0 8144
1857 0 8143
1858 0 8142
1859 0 8141
1860 0 8140
1861 0 8139
1862 0 8138
1863 0 8137
1864 0 8136
1865 0 8135
1866 0 8134
1867 0 8133
1868 0 8132
1869 0 8131
1870 0 8130
1871 0 8129
1872 0 8128
1873 0 8127
1874 0 8126
1875 0 8125
1876 0 8124
1877 0 8123
1878 0 8122
1879 0 8121
1880 0 8120
1881 0 8119
1882 0 8118
1883 0 8117
1884 0 8116
1885 0 8115
1886 0 8114
1887 0 8113
1888 0 8112
1889 0 8111
1890 0 8110
1891 0 8109
1892 0 8108
1893 0 8107
1894 0 8106
1895 0 8105
1896 0 8104
1897 0 8103
1898 0 8102
1899 0 8101
1900 0 8100
1901 0 8099
1902 0 8098
1903 0 8097
1904 0 8096
1905 0 8095
1906 0 8094
1907 0 8093
1908 0 8092
1909 0 8091
1910 0 8090
1911 0 8089
1912 0 8088
1913 0 8087
1914 0 8086
1915 0 8085
1916 0 8084
1917 0 8083
1918 0 8082
1919 0 8081
1920 0 8080
1921 0 8079
1922 0 8078
1923 0 8077
1924 0 8076
1925 0 8075
1926 0 8074
1927 0 8073
1928 0 8072
1929 0 8071
1930 0 8070
1931 0 8069
1932 0 8068
1933 0 8067
1934 0 8066
1935 0 8065
1936 0 8064
1937 0 8063
1938 0 8062
1939 0 8061
1940 0 8060
1941 0 8059
1942 0 8058
1943 0 8057
1944 0 8056
1945 0 8055
1946 0 8054
1947 0 8053
1948 0 8052
1949 0 8051
1950 0 8050
1951 0 8049
1952 0 8048
1953 0 8047
1954 0 8046
1955 0 8045
1956 0 8044
1957 0 8043
1958 0 8042
1959 0 8041
1960 0 8040
1961 0 8039
1962 0 8038
1963 0 8037
1964 0 8036
1965 0 8035
1966 0 8034
1967 0 8033
1968 0 8032
1969 0 8031
1970 0 8030
1971 0 8029
1972 0 8028
1973 0 8027
1974 0 8026
1975 0 8025
1976 0 8024
1977 0 8023
1978 0 8022
1979 0 8021
1980 0 8020
1981 0 8019
1982 0 8018
1983 0 8017
1984 0 8016
1985 0 8015
1986 0 8014
1987 0 8013
1988 0 8012
1989 0 8011
1990 0 8010
1991 0 8009
1992 0 8008
1993 0 8007
1994 0 8006
1995 0 8005
1996 0 8004
1997 0 8003
1998 0 8002
1999 0 8001
