2000
0 0 10000
3 4 9995
6 8 9990
9 12 9985
12 16 9980
15 20 9975
18 24 9970
21 28 9965
24 32 9960
27 36 9955
30 40 9950
33 44 9945
36 48 9940
39 52 9935
42 56 9930
45 60 9925
48 64 9920
51 68 9915
54 72 9910
57 76 9905
60 80 9900
63 84 9895
66 88 9890
69 92 9885
72 96 9880
75 100 9875
78 104 9870
81 108 9865
84 112 9860
87 116 9855
90 120 9850
93 124 9845
96 128 9840
99 132 9835
102 136 9830
105 140 9825
108 144 9820
111 148 9815
114 152 9810
117 156 9805
120 160 9800
123 164 9795
126 168 9790
129 172 9785
132 176 9780
135 180 9775
138 184 9770
141 188 9765
144 192 9760
147 196 9755
150 200 9750
153 204 9745
156 208 9740
159 212 9735
162 216 9730
165 220 9725
168 224 9720
171 228 9715
174 232 9710
177 236 9705
180 240 9700
183 244 9695
186 248 9690
189 252 9685
192 256 9680
195 260 9675
198 264 9670
201 268 9665
204 272 9660
207 276 9655
210 280 9650
213 284 9645
216 288 9640
219 292 9635
222 296 9630
225 300 9625
228 304 9620
231 308 9615
234 312 9610
237 316 9605
240 320 9600
243 324 9595
246 328 9590
249 332 9585
252 336 9580
255 340 9575
258 344 9570
261 348 9565
264 352 9560
267 356 9555
270 360 9550
273 364 9545
276 368 9540
279 372 9535
282 376 9530
285 380 9525
288 384 9520
291 388 9515
294 392 9510
297 396 9505
300 400 9500
303 404 9495
306 408 9490
309 412 9485
312 416 9480
315 420 9475
318 424 9470
321 428 9465
324 432 9460
327 436 9455
330 440 9450
333 444 9445
336 448 9440
339 452 9435
342 456 9430
345 460 9425
348 464 9420
351 468 9415
354 472 9410
357 476 9405
360 480 9400
363 484 9395
366 488 9390
369 492 9385
372 496 9380
375 500 9375
378 504 9370
381 508 9365
384 512 9360
387 516 9355
390 520 9350
393 524 9345
396 528 9340
399 532 9335
402 536 9330
405 540 9325
408 544 9320
411 548 9315
414 552 9310
417 556 9305
420 560 9300
423 564 9295
426 568 9290
429 572 9285
432 576 9280
435 580 9275
438 584 9270
441 588 9265
444 592 9260
447 596 9255
450 600 9250
453 604 9245
456 608 9240
459 612 9235
462 616 9230
465 620 9225
468 624 9220
471 628 9215
474 632 9210
477 636 9205
480 640 9200
483 644 9195
486 648 9190
489 652 9185
492 656 9180
495 660 9175
498 664 9170
501 668 9165
504 672 9160
507 676 9155
510 680 9150
513 684 9145
516 688 9140
519 692 9135
522 696 9130
525 700 9125
528 704 9120
531 708 9115
534 712 9110
537 716 9105
540 720 9100
543 724 9095
546 728 9090
549 732 9085
552 736 9080
555 740 9075
558 744 9070
561 748 9065
564 752 9060
567 756 9055
570 760 9050
573 764 9045
576 768 9040
579 772 9035
582 776 9030
585 780 9025
588 784 9020
591 788 9015
594 792 9010
597 796 9005
600 800 9000
603 804 8995
606 808 8990
609 812 8985
612 816 8980
615 820 8975
618 824 8970
621 828 8965
624 832 8960
627 836 8955
630 840 8950
633 844 8945
636 848 8940
639 852 8935
642 856 8930
645 860 8925
648 864 8920
651 868 8915
654 872 8910
657 876 8905
660 880 8900
663 884 8895
666 888 8890
669 892 8885
672 896 8880
675 900 8875
678 904 8870
681 908 8865
684 912 8860
687 916 8855
690 920 8850
693 924 8845
696 928 8840
699 932 8835
702 936 8830
705 940 8825
708 944 8820
711 948 8815
714 952 8810
717 956 8805
720 960 8800
723 964 8795
726 968 8790
729 972 8785
732 976 8780
735 980 8775
738 984 8770
741 988 8765
744 992 8760
747 996 8755
750 1000 8750
753 1004 8745
756 1008 8740
759 1012 8735
762 1016 8730
765 1020 8725
768 1024 8720
771 1028 8715
774 1032 8710
777 1036 8705
780 1040 8700
783 1044 8695
786 1048 8690
789 1052 8685
792 1056 8680
795 1060 8675
798 1064 8670
801 1068 8665
804 1072 8660
807 1076 8655
810 1080 8650
813 1084 8645
816 1088 8640
819 1092 8635
822 1096 8630
825 1100 8625
828 1104 8620
831 1108 8615
834 1112 8610
837 1116 8605
840 1120 8600
843 1124 8595
846 1128 8590
849 1132 8585
852 1136 8580
855 1140 8575
858 1144 8570
861 1148 8565
864 1152 8560
867 1156 8555
870 1160 8550
873 1164 8545
876 1168 8540
879 1172 8535
882 1176 8530
885 1180 8525
888 1184 8520
891 1188 8515
894 1192 8510
897 1196 8505
900 1200 8500
903 1204 8495
906 1208 8490
909 1212 8485
912 1216 8480
915 1220 8475
918 1224 8470
921 1228 8465
924 1232 8460
927 1236 8455
930 1240 8450
933 1244 8445
936 1248 8440
939 1252 8435
942 1256 8430
945 1260 8425
948 1264 8420
951 1268 8415
954 1272 8410
957 1276 8405
960 1280 8400
963 1284 8395
966 1288 8390
969 1292 8385
972 1296 8380
975 1300 8375
978 1304 8370
981 1308 8365
984 1312 8360
987 1316 8355
990 1320 8350
993 1324 8345
996 1328 8340
999 1332 8335
1002 1336 8330
1005 1340 8325
1008 1344 8320
1011 1348 8315
1014 1352 8310
1017 1356 8305
1020 1360 8300
1023 1364 8295
1026 1368 8290
1029 1372 8285
1032 1376 8280
1035 1380 8275
1038 1384 8270
1041 1388 8265
1044 1392 8260
1047 1396 8255
1050 1400 8250
1053 1404 8245
1056 1408 8240
1059 1412 8235
1062 1416 8230
1065 1420 8225
1068 1424 8220
1071 1428 8215
1074 1432 8210
1077 1436 8205
1080 1440 8200
1083 1444 8195
1086 1448 8190
1089 1452 8185
1092 1456 8180
1095 1460 8175
1098 1464 8170
1101 1468 8165
1104 1472 8160
1107 1476 8155
1110 1480 8150
1113 1484 8145
1116 1488 8140
1119 1492 8135
1122 1496 8130
1125 1500 8125
1128 1504 8120
1131 1508 8115
1134 1512 8110
1137 1516 8105
1140 1520 8100
1143 1524 8095
1146 1528 8090
1149 1532 8085
1152 1536 8080
1155 1540 8075
1158 1544 8070
1161 1548 8065
1164 1552 8060
1167 1556 8055
1170 1560 8050
1173 1564 8045
1176 1568 8040
1179 1572 8035
1182 1576 8030
1185 1580 8025
1188 1584 8020
1191 1588 8015
1194 1592 8010
1197 1596 8005
1200 1600 8000
1203 1604 7995
1206 1608 7990
1209 1612 7985
1212 1616 7980
1215 1620 7975
1218 1624 7970
1221 1628 7965
1224 1632 7960
1227 1636 7955
1230 1640 7950
1233 1644 7945
1236 1648 7940
1239 1652 7935
1242 1656 7930
1245 1660 7925
1248 1664 7920
1251 1668 7915
1254 1672 7910
1257 1676 7905
1260 1680 7900
1263 1684 7895
1266 1688 7890
1269 1692 7885
1272 1696 7880
1275 1700 7875
1278 1704 7870
1281 1708 7865
1284 1712 7860
1287 1716 7855
1290 1720 7850
1293 1724 7845
1296 1728 7840
1299 1732 7835
1302 1736 7830
1305 1740 7825
1308 1744 7820
1311 1748 7815
1314 1752 7810
1317 1756 7805
1320 1760 7800
1323 1764 7795
1326 1768 7790
1329 1772 7785
1332 1776 7780
1335 1780 7775
1338 1784 7770
1341 1788 7765
1344 1792 7760
1347 1796 7755
1350 1800 7750
1353 1804 7745
1356 1808 7740
1359 1812 7735
1362 1816 7730
1365 1820 7725
1368 1824 7720
1371 1828 7715
1374 1832 7710
1377 1836 7705
1380 1840 7700
1383 1844 7695
1386 1848 7690
1389 1852 7685
1392 1856 7680
1395 1860 7675
1398 1864 7670
1401 1868 7665
1404 1872 7660
1407 1876 7655
1410 1880 7650
1413 1884 7645
1416 1888 7640
1419 1892 7635
1422 1896 7630
1425 1900 7625
1428 1904 7620
1431 1908 7615
1434 1912 7610
1437 1916 7605
1440 1920 7600
1443 1924 7595
1446 1928 7590
1449 1932 7585
1452 1936 7580
1455 1940 7575
1458 1944 7570
1461 1948 7565
1464 1952 7560
1467 1956 7555
1470 1960 7550
1473 1964 7545
1476 1968 7540
1479 1972 7535
1482 1976 7530
1485 1980 7525
1488 1984 7520
1491 1988 7515
1494 1992 7510
1497 1996 7505
1500 2000 7500
1503 2004 7495
1506 2008 7490
1509 2012 7485
1512 2016 7480
1515 2020 7475
1518 2024 7470
1521 2028 7465
1524 2032 7460
1527 2036 7455
1530 2040 7450
1533 2044 7445
1536 2048 7440
1539 2052 7435
1542 2056 7430
1545 2060 7425
1548 2064 7420
1551 2068 7415
1554 2072 7410
1557 2076 7405
1560 2080 7400
1563 2084 7395
1566 2088 7390
1569 2092 7385
1572 2096 7380
1575 2100 7375
1578 2104 7370
1581 2108 7365
1584 2112 7360
1587 2116 7355
1590 2120 7350
1593 2124 7345
1596 2128 7340
1599 2132 7335
1602 2136 7330
1605 2140 7325
1608 2144 7320
1611 2148 7315
1614 2152 7310
1617 2156 7305
1620 2160 7300
1623 2164 7295
1626 2168 7290
1629 2172 7285
1632 2176 7280
1635 2180 7275
1638 2184 7270
1641 2188 7265
1644 2192 7260
1647 2196 7255
1650 2200 7250
1653 2204 7245
1656 2208 7240
1659 2212 7235
1662 2216 7230
1665 2220 7225
1668 2224 7220
1671 2228 7215
1674 2232 7210
1677 2236 7205
1680 2240 7200
1683 2244 7195
1686 2248 7190
1689 2252 7185
1692 2256 7180
1695 2260 7175
1698 2264 7170
1701 2268 7165
1704 2272 7160
1707 2276 7155
1710 2280 7150
1713 2284 7145
1716 2288 7140
1719 2292 7135
1722 2296 7130
1725 2300 7125
1728 2304 7120
1731 2308 7115
1734 2312 7110
1737 2316 7105
1740 2320 7100
1743 2324 7095
1746 2328 7090
1749 2332 7085
1752 2336 7080
1755 2340 7075
1758 2344 7070
1761 2348 7065
1764 2352 7060
1767 2356 7055
1770 2360 7050
1773 2364 7045
1776 2368 7040
1779 2372 7035
1782 2376 7030
1785 2380 7025
1788 2384 7020
1791 2388 7015
1794 2392 7010
1797 2396 7005
1800 2400 7000
1803 2404 6995
1806 2408 6990
1809 2412 6985
1812 2416 6980
1815 2420 6975
1818 2424 6970
1821 2428 6965
1824 2432 6960
1827 2436 6955
1830 2440 6950
1833 2444 6945
1836 2448 6940
1839 2452 6935
1842 2456 6930
1845 2460 6925
1848 2464 6920
1851 2468 6915
1854 2472 6910
1857 2476 6905
1860 2480 6900
1863 2484 6895
1866 2488 6890
1869 2492 6885
1872 2496 6880
1875 2500 6875
1878 2504 6870
1881 2508 6865
1884 2512 6860
1887 2516 6855
1890 2520 6850
1893 2524 6845
1896 2528 6840
1899 2532 6835
1902 2536 6830
1905 2540 6825
1908 2544 6820
1911 2548 6815
1914 2552 6810
1917 2556 6805
1920 2560 6800
1923 2564 6795
1926 2568 6790
1929 2572 6785
1932 2576 6780
1935 2580 6775
1938 2584 6770
1941 2588 6765
1944 2592 6760
1947 2596 6755
1950 2600 6750
1953 2604 6745
1956 2608 6740
1959 2612 6735
1962 2616 6730
1965 2620 6725
1968 2624 6720
1971 2628 6715
1974 2632 6710
1977 2636 6705
1980 2640 6700
1983 2644 6695
1986 2648 6690
1989 2652 6685
1992 2656 6680
1995 2660 6675
1998 2664 6670
2001 2668 6665
2004 2672 6660
2007 2676 6655
2010 2680 6650
2013 2684 6645
2016 2688 6640
2019 2692 6635
2022 2696 6630
2025 2700 6625
2028 2704 6620
2031 2708 6615
2034 2712 6610
2037 2716 6605
2040 2720 6600
2043 2724 6595
2046 2728 6590
2049 2732 6585
2052 2736 6580
2055 2740 6575
2058 2744 6570
2061 2748 6565
2064 2752 6560
2067 2756 6555
2070 2760 6550
2073 2764 6545
2076 2768 6540
2079 2772 6535
2082 2776 6530
2085 2780 6525
2088 2784 6520
2091 2788 6515
2094 2792 6510
2097 2796 6505
2100 2800 6500
2103 2804 6495
2106 2808 6490
2109 2812 6485
2112 2816 6480
2115 2820 6475
2118 2824 6470
2121 2828 6465
2124 2832 6460
2127 2836 6455
2130 2840 6450
2133 2844 6445
2136 2848 6440
2139 2852 6435
2142 2856 6430
2145 2860 6425
2148 2864 6420
2151 2868 6415
2154 2872 6410
2157 2876 6405
2160 2880 6400
2163 2884 6395
2166 2888 6390
2169 2892 6385
2172 2896 6380
2175 2900 6375
2178 2904 6370
2181 2908 6365
2184 2912 6360
2187 2916 6355
2190 2920 6350
2193 2924 6345
2196 2928 6340
2199 2932 6335
2202 2936 6330
2205 2940 6325
2208 2944 6320
2211 2948 6315
2214 2952 6310
2217 2956 6305
2220 2960 6300
2223 2964 6295
2226 2968 6290
2229 2972 6285
2232 2976 6280
2235 2980 6275
2238 2984 6270
2241 2988 6265
2244 2992 6260
2247 2996 6255
2250 3000 6250
2253 3004 6245
2256 3008 6240
2259 3012 6235
2262 3016 6230
2265 3020 6225
2268 3024 6220
2271 3028 6215
2274 3032 6210
2277 3036 6205
2280 3040 6200
2283 3044 6195
2286 3048 6190
2289 3052 6185
2292 3056 6180
2295 3060 6175
2298 3064 6170
2301 3068 6165
2304 3072 6160
2307 3076 6155
2310 3080 6150
2313 3084 6145
2316 3088 6140
2319 3092 6135
2322 3096 6130
2325 3100 6125
2328 3104 6120
2331 3108 6115
2334 3112 6110
2337 3116 6105
2340 3120 6100
2343 3124 6095
2346 3128 6090
2349 3132 6085
2352 3136 6080
2355 3140 6075
2358 3144 6070
2361 3148 6065
2364 3152 6060
2367 3156 6055
2370 3160 6050
2373 3164 6045
2376 3168 6040
2379 3172 6035
2382 3176 6030
2385 3180 6025
2388 3184 6020
2391 3188 6015
2394 3192 6010
2397 3196 6005
2400 3200 6000
2403 3204 5995
2406 3208 5990
2409 3212 5985
2412 3216 5980
2415 3220 5975
2418 3224 5970
2421 3228 5965
2424 3232 5960
2427 3236 5955
2430 3240 5950
2433 3244 5945
2436 3248 5940
2439 3252 5935
2442 3256 5930
2445 3260 5925
2448 3264 5920
2451 3268 5915
2454 3272 5910
2457 3276 5905
2460 3280 5900
2463 3284 5895
2466 3288 5890
2469 3292 5885
2472 3296 5880
2475 3300 5875
2478 3304 5870
2481 3308 5865
2484 3312 5860
2487 3316 5855
2490 3320 5850
2493 3324 5845
2496 3328 5840
2499 3332 5835
2502 3336 5830
2505 3340 5825
2508 3344 5820
2511 3348 5815
2514 3352 5810
2517 3356 5805
2520 3360 5800
2523 3364 5795
2526 3368 5790
2529 3372 5785
2532 3376 5780
2535 3380 5775
2538 3384 5770
2541 3388 5765
2544 3392 5760
2547 3396 5755
2550 3400 5750
2553 3404 5745
2556 3408 5740
2559 3412 5735
2562 3416 5730
2565 3420 5725
2568 3424 5720
2571 3428 5715
2574 3432 5710
2577 3436 5705
2580 3440 5700
2583 3444 5695
2586 3448 5690
2589 3452 5685
2592 3456 5680
2595 3460 5675
2598 3464 5670
2601 3468 5665
2604 3472 5660
2607 3476 5655
2610 3480 5650
2613 3484 5645
2616 3488 5640
2619 3492 5635
2622 3496 5630
2625 3500 5625
2628 3504 5620
2631 3508 5615
2634 3512 5610
2637 3516 5605
2640 3520 5600
2643 3524 5595
2646 3528 5590
2649 3532 5585
2652 3536 5580
2655 3540 5575
2658 3544 5570
2661 3548 5565
2664 3552 5560
2667 3556 5555
2670 3560 5550
2673 3564 5545
2676 3568 5540
2679 3572 5535
2682 3576 5530
2685 3580 5525
2688 3584 5520
2691 3588 5515
2694 3592 5510
2697 3596 5505
2700 3600 5500
2703 3604 5495
2706 3608 5490
2709 3612 5485
2712 3616 5480
2715 3620 5475
2718 3624 5470
2721 3628 5465
2724 3632 5460
2727 3636 5455
2730 3640 5450
2733 3644 5445
2736 3648 5440
2739 3652 5435
2742 3656 5430
2745 3660 5425
2748 3664 5420
2751 3668 5415
2754 3672 5410
2757 3676 5405
2760 3680 5400
2763 3684 5395
2766 3688 5390
2769 3692 5385
2772 3696 5380
2775 3700 5375
2778 3704 5370
2781 3708 5365
2784 3712 5360
2787 3716 5355
2790 3720 5350
2793 3724 5345
2796 3728 5340
2799 3732 5335
2802 3736 5330
2805 3740 5325
2808 3744 5320
2811 3748 5315
2814 3752 5310
2817 3756 5305
2820 3760 5300
2823 3764 5295
2826 3768 5290
2829 3772 5285
2832 3776 5280
2835 3780 5275
2838 3784 5270
2841 3788 5265
2844 3792 5260
2847 3796 5255
2850 3800 5250
2853 3804 5245
2856 3808 5240
2859 3812 5235
2862 3816 5230
2865 3820 5225
2868 3824 5220
2871 3828 5215
2874 3832 5210
2877 3836 5205
2880 3840 5200
2883 3844 5195
2886 3848 5190
2889 3852 5185
2892 3856 5180
2895 3860 5175
2898 3864 5170
2901 3868 5165
2904 3872 5160
2907 3876 5155
2910 3880 5150
2913 3884 5145
2916 3888 5140
2919 3892 5135
2922 3896 5130
2925 3900 5125
2928 3904 5120
2931 3908 5115
2934 3912 5110
2937 3916 5105
2940 3920 5100
2943 3924 5095
2946 3928 5090
2949 3932 5085
2952 3936 5080
2955 3940 5075
2958 3944 5070
2961 3948 5065
2964 3952 5060
2967 3956 5055
2970 3960 5050
2973 3964 5045
2976 3968 5040
2979 3972 5035
2982 3976 5030
2985 3980 5025
2988 3984 5020
2991 3988 5015
2994 3992 5010
2997 3996 5005
3000 4000 5000
3003 4004 4995
3006 4008 4990
3009 4012 4985
3012 4016 4980
3015 4020 4975
3018 4024 4970
3021 4028 4965
3024 4032 4960
3027 4036 4955
3030 4040 4950
3033 4044 4945
3036 4048 4940
3039 4052 4935
3042 4056 4930
3045 4060 4925
3048 4064 4920
3051 4068 4915
3054 4072 4910
3057 4076 4905
3060 4080 4900
3063 4084 4895
3066 4088 4890
3069 4092 4885
3072 4096 4880
3075 4100 4875
3078 4104 4870
3081 4108 4865
3084 4112 4860
3087 4116 4855
3090 4120 4850
3093 4124 4845
3096 4128 4840
3099 4132 4835
3102 4136 4830
3105 4140 4825
3108 4144 4820
3111 4148 4815
3114 4152 4810
3117 4156 4805
3120 4160 4800
3123 4164 4795
3126 4168 4790
3129 4172 4785
3132 4176 4780
3135 4180 4775
3138 4184 4770
3141 4188 4765
3144 4192 4760
3147 4196 4755
3150 4200 4750
3153 4204 4745
3156 4208 4740
3159 4212 4735
3162 4216 4730
3165 4220 4725
3168 4224 4720
3171 4228 4715
3174 4232 4710
3177 4236 4705
3180 4240 4700
3183 4244 4695
3186 4248 4690
3189 4252 4685
3192 4256 4680
3195 4260 4675
3198 4264 4670
3201 4268 4665
3204 4272 4660
3207 4276 4655
3210 4280 4650
3213 4284 4645
3216 4288 4640
3219 4292 4635
3222 4296 4630
3225 4300 4625
3228 4304 4620
3231 4308 4615
3234 4312 4610
3237 4316 4605
3240 4320 4600
3243 4324 4595
3246 4328 4590
3249 4332 4585
3252 4336 4580
3255 4340 4575
3258 4344 4570
3261 4348 4565
3264 4352 4560
3267 4356 4555
3270 4360 4550
3273 4364 4545
3276 4368 4540
3279 4372 4535
3282 4376 4530
3285 4380 4525
3288 4384 4520
3291 4388 4515
3294 4392 4510
3297 4396 4505
3300 4400 4500
3303 4404 4495
3306 4408 4490
3309 4412 4485
3312 4416 4480
3315 4420 4475
3318 4424 4470
3321 4428 4465
3324 4432 4460
3327 4436 4455
3330 4440 4450
3333 4444 4445
3336 4448 4440
3339 4452 4435
3342 4456 4430
3345 4460 4425
3348 4464 4420
3351 4468 4415
3354 4472 4410
3357 4476 4405
3360 4480 4400
3363 4484 4395
3366 4488 4390
3369 4492 4385
3372 4496 4380
3375 4500 4375
3378 4504 4370
3381 4508 4365
3384 4512 4360
3387 4516 4355
3390 4520 4350
3393 4524 4345
3396 4528 4340
3399 4532 4335
3402 4536 4330
3405 4540 4325
3408 4544 4320
3411 4548 4315
3414 4552 4310
3417 4556 4305
3420 4560 4300
3423 4564 4295
3426 4568 4290
3429 4572 4285
3432 4576 4280
3435 4580 4275
3438 4584 4270
3441 4588 4265
3444 4592 4260
3447 4596 4255
3450 4600 4250
3453 4604 4245
3456 4608 4240
3459 4612 4235
3462 4616 4230
3465 4620 4225
3468 4624 4220
3471 4628 4215
3474 4632 4210
3477 4636 4205
3480 4640 4200
3483 4644 4195
3486 4648 4190
3489 4652 4185
3492 4656 4180
3495 4660 4175
3498 4664 4170
3501 4668 4165
3504 4672 4160
3507 4676 4155
3510 4680 4150
3513 4684 4145
3516 4688 4140
3519 4692 4135
3522 4696 4130
3525 4700 4125
3528 4704 4120
3531 4708 4115
3534 4712 4110
3537 4716 4105
3540 4720 4100
3543 4724 4095
3546 4728 4090
3549 4732 4085
3552 4736 4080
3555 4740 4075
3558 4744 4070
3561 4748 4065
3564 4752 4060
3567 4756 4055
3570 4760 4050
3573 4764 4045
3576 4768 4040
3579 4772 4035
3582 4776 4030
3585 4780 4025
3588 4784 4020
3591 4788 4015
3594 4792 4010
3597 4796 4005
3600 4800 4000
3603 4804 3995
3606 4808 3990
3609 4812 3985
3612 4816 3980
3615 4820 3975
3618 4824 3970
3621 4828 3965
3624 4832 3960
3627 4836 3955
3630 4840 3950
3633 4844 3945
3636 4848 3940
3639 4852 3935
3642 4856 3930
3645 4860 3925
3648 4864 3920
3651 4868 3915
3654 4872 3910
3657 4876 3905
3660 4880 3900
3663 4884 3895
3666 4888 3890
3669 4892 3885
3672 4896 3880
3675 4900 3875
3678 4904 3870
3681 4908 3865
3684 4912 3860
3687 4916 3855
3690 4920 3850
3693 4924 3845
3696 4928 3840
3699 4932 3835
3702 4936 3830
3705 4940 3825
3708 4944 3820
3711 4948 3815
3714 4952 3810
3717 4956 3805
3720 4960 3800
3723 4964 3795
3726 4968 3790
3729 4972 3785
3732 4976 3780
3735 4980 3775
3738 4984 3770
3741 4988 3765
3744 4992 3760
3747 4996 3755
3750 5000 3750
3753 5004 3745
3756 5008 3740
3759 5012 3735
3762 5016 3730
3765 5020 3725
3768 5024 3720
3771 5028 3715
3774 5032 3710
3777 5036 3705
3780 5040 3700
3783 5044 3695
3786 5048 3690
3789 5052 3685
3792 5056 3680
3795 5060 3675
3798 5064 3670
3801 5068 3665
3804 5072 3660
3807 5076 3655
3810 5080 3650
3813 5084 3645
3816 5088 3640
3819 5092 3635
3822 5096 3630
3825 5100 3625
3828 5104 3620
3831 5108 3615
3834 5112 3610
3837 5116 3605
3840 5120 3600
3843 5124 3595
3846 5128 3590
3849 5132 3585
3852 5136 3580
3855 5140 3575
3858 5144 3570
3861 5148 3565
3864 5152 3560
3867 5156 3555
3870 5160 3550
3873 5164 3545
3876 5168 3540
3879 5172 3535
3882 5176 3530
3885 5180 3525
3888 5184 3520
3891 5188 3515
3894 5192 3510
3897 5196 3505
3900 5200 3500
3903 5204 3495
3906 5208 3490
3909 5212 3485
3912 5216 3480
3915 5220 3475
3918 5224 3470
3921 5228 3465
3924 5232 3460
3927 5236 3455
3930 5240 3450
3933 5244 3445
3936 5248 3440
3939 5252 3435
3942 5256 3430
3945 5260 3425
3948 5264 3420
3951 5268 3415
3954 5272 3410
3957 5276 3405
3960 5280 3400
3963 5284 3395
3966 5288 3390
3969 5292 3385
3972 5296 3380
3975 5300 3375
3978 5304 3370
3981 5308 3365
3984 5312 3360
3987 5316 3355
3990 5320 3350
3993 5324 3345
3996 5328 3340
3999 5332 3335
4002 5336 3330
4005 5340 3325
4008 5344 3320
4011 5348 3315
4014 5352 3310
4017 5356 3305
4020 5360 3300
4023 5364 3295
4026 5368 3290
4029 5372 3285
4032 5376 3280
4035 5380 3275
4038 5384 3270
4041 5388 3265
4044 5392 3260
4047 5396 3255
4050 5400 3250
4053 5404 3245
4056 5408 3240
4059 5412 3235
4062 5416 3230
4065 5420 3225
4068 5424 3220
4071 5428 3215
4074 5432 3210
4077 5436 3205
4080 5440 3200
4083 5444 3195
4086 5448 3190
4089 5452 3185
4092 5456 3180
4095 5460 3175
4098 5464 3170
4101 5468 3165
4104 5472 3160
4107 5476 3155
4110 5480 3150
4113 5484 3145
4116 5488 3140
4119 5492 3135
4122 5496 3130
4125 5500 3125
4128 5504 3120
4131 5508 3115
4134 5512 3110
4137 5516 3105
4140 5520 3100
4143 5524 3095
4146 5528 3090
4149 5532 3085
4152 5536 3080
4155 5540 3075
4158 5544 3070
4161 5548 3065
4164 5552 3060
4167 5556 3055
4170 5560 3050
4173 5564 3045
4176 5568 3040
4179 5572 3035
4182 5576 3030
4185 5580 3025
4188 5584 3020
4191 5588 3015
4194 5592 3010
4197 5596 3005
4200 5600 3000
4203 5604 2995
4206 5608 2990
4209 5612 2985
4212 5616 2980
4215 5620 2975
4218 5624 2970
4221 5628 2965
4224 5632 2960
4227 5636 2955
4230 5640 2950
4233 5644 2945
4236 5648 2940
4239 5652 2935
4242 5656 2930
4245 5660 2925
4248 5664 2920
4251 5668 2915
4254 5672 2910
4257 5676 2905
4260 5680 2900
4263 5684 2895
4266 5688 2890
4269 5692 2885
4272 5696 2880
4275 5700 2875
4278 5704 2870
4281 5708 2865
4284 5712 2860
4287 5716 2855
4290 5720 2850
4293 5724 2845
4296 5728 2840
4299 5732 2835
4302 5736 2830
4305 5740 2825
4308 5744 2820
4311 5748 2815
4314 5752 2810
4317 5756 2805
4320 5760 2800
4323 5764 2795
4326 5768 2790
4329 5772 2785
4332 5776 2780
4335 5780 2775
4338 5784 2770
4341 5788 2765
4344 5792 2760
4347 5796 2755
4350 5800 2750
4353 5804 2745
4356 5808 2740
4359 5812 2735
4362 5816 2730
4365 5820 2725
4368 5824 2720
4371 5828 2715
4374 5832 2710
4377 5836 2705
4380 5840 2700
4383 5844 2695
4386 5848 2690
4389 5852 2685
4392 5856 2680
4395 5860 2675
4398 5864 2670
4401 5868 2665
4404 5872 2660
4407 5876 2655
4410 5880 2650
4413 5884 2645
4416 5888 2640
4419 5892 2635
4422 5896 2630
4425 5900 2625
4428 5904 2620
4431 5908 2615
4434 5912 2610
4437 5916 2605
4440 5920 2600
4443 5924 2595
4446 5928 2590
4449 5932 2585
4452 5936 2580
4455 5940 2575
4458 5944 2570
4461 5948 2565
4464 5952 2560
4467 5956 2555
4470 5960 2550
4473 5964 2545
4476 5968 2540
4479 5972 2535
4482 5976 2530
4485 5980 2525
4488 5984 2520
4491 5988 2515
4494 5992 2510
4497 5996 2505
4500 6000 2500
4503 6004 2495
4506 6008 2490
4509 6012 2485
4512 6016 2480
4515 6020 2475
4518 6024 2470
4521 6028 2465
4524 6032 2460
4527 6036 2455
4530 6040 2450
4533 6044 2445
4536 6048 2440
4539 6052 2435
4542 6056 2430
4545 6060 2425
4548 6064 2420
4551 6068 2415
4554 6072 2410
4557 6076 2405
4560 6080 2400
4563 6084 2395
4566 6088 2390
4569 6092 2385
4572 6096 2380
4575 6100 2375
4578 6104 2370
4581 6108 2365
4584 6112 2360
4587 6116 2355
4590 6120 2350
4593 6124 2345
4596 6128 2340
4599 6132 2335
4602 6136 2330
4605 6140 2325
4608 6144 2320
4611 6148 2315
4614 6152 2310
4617 6156 2305
4620 6160 2300
4623 6164 2295
4626 6168 2290
4629 6172 2285
4632 6176 2280
4635 6180 2275
4638 6184 2270
4641 6188 2265
4644 6192 2260
4647 6196 2255
4650 6200 2250
4653 6204 2245
4656 6208 2240
4659 6212 2235
4662 6216 2230
4665 6220 2225
4668 6224 2220
4671 6228 2215
4674 6232 2210
4677 6236 2205
4680 6240 2200
4683 6244 2195
4686 6248 2190
4689 6252 2185
4692 6256 2180
4695 6260 2175
4698 6264 2170
4701 6268 2165
4704 6272 2160
4707 6276 2155
4710 6280 2150
4713 6284 2145
4716 6288 2140
4719 6292 2135
4722 6296 2130
4725 6300 2125
4728 6304 2120
4731 6308 2115
4734 6312 2110
4737 6316 2105
4740 6320 2100
4743 6324 2095
4746 6328 2090
4749 6332 2085
4752 6336 2080
4755 6340 2075
4758 6344 2070
4761 6348 2065
4764 6352 2060
4767 6356 2055
4770 6360 2050
4773 6364 2045
4776 6368 2040
4779 6372 2035
4782 6376 2030
4785 6380 2025
4788 6384 2020
4791 6388 2015
4794 6392 2010
4797 6396 2005
4800 6400 2000
4803 6404 1995
4806 6408 1990
4809 6412 1985
4812 6416 1980
4815 6420 1975
4818 6424 1970
4821 6428 1965
4824 6432 1960
4827 6436 1955
4830 6440 1950
4833 6444 1945
4836 6448 1940
4839 6452 1935
4842 6456 1930
4845 6460 1925
4848 6464 1920
4851 6468 1915
4854 6472 1910
4857 6476 1905
4860 6480 1900
4863 6484 1895
4866 6488 1890
4869 6492 1885
4872 6496 1880
4875 6500 1875
4878 6504 1870
4881 6508 1865
4884 6512 1860
4887 6516 1855
4890 6520 1850
4893 6524 1845
4896 6528 1840
4899 6532 1835
4902 6536 1830
4905 6540 1825
4908 6544 1820
4911 6548 1815
4914 6552 1810
4917 6556 1805
4920 6560 1800
4923 6564 1795
4926 6568 1790
4929 6572 1785
4932 6576 1780
4935 6580 1775
4938 6584 1770
4941 6588 1765
4944 6592 1760
4947 6596 1755
4950 6600 1750
4953 6604 1745
4956 6608 1740
4959 6612 1735
4962 6616 1730
4965 6620 1725
4968 6624 1720
4971 6628 1715
4974 6632 1710
4977 6636 1705
4980 6640 1700
4983 6644 1695
4986 6648 1690
4989 6652 1685
4992 6656 1680
4995 6660 1675
4998 6664 1670
5001 6668 1665
5004 6672 1660
5007 6676 1655
5010 6680 1650
5013 6684 1645
5016 6688 1640
5019 6692 1635
5022 6696 1630
5025 6700 1625
5028 6704 1620
5031 6708 1615
5034 6712 1610
5037 6716 1605
5040 6720 1600
5043 6724 1595
5046 6728 1590
5049 6732 1585
5052 6736 1580
5055 6740 1575
5058 6744 1570
5061 6748 1565
5064 6752 1560
5067 6756 1555
5070 6760 1550
5073 6764 1545
5076 6768 1540
5079 6772 1535
5082 6776 1530
5085 6780 1525
5088 6784 1520
5091 6788 1515
5094 6792 1510
5097 6796 1505
5100 6800 1500
5103 6804 1495
5106 6808 1490
5109 6812 1485
5112 6816 1480
5115 6820 1475
5118 6824 1470
5121 6828 1465
5124 6832 1460
5127 6836 1455
5130 6840 1450
5133 6844 1445
5136 6848 1440
5139 6852 1435
5142 6856 1430
5145 6860 1425
5148 6864 1420
5151 6868 1415
5154 6872 1410
5157 6876 1405
5160 6880 1400
5163 6884 1395
5166 6888 1390
5169 6892 1385
5172 6896 1380
5175 6900 1375
5178 6904 1370
5181 6908 1365
5184 6912 1360
5187 6916 1355
5190 6920 1350
5193 6924 1345
5196 6928 1340
5199 6932 1335
5202 6936 1330
5205 6940 1325
5208 6944 1320
5211 6948 1315
5214 6952 1310
5217 6956 1305
5220 6960 1300
5223 6964 1295
5226 6968 1290
5229 6972 1285
5232 6976 1280
5235 6980 1275
5238 6984 1270
5241 6988 1265
5244 6992 1260
5247 6996 1255
5250 7000 1250
5253 7004 1245
5256 7008 1240
5259 7012 1235
5262 7016 1230
5265 7020 1225
5268 7024 1220
5271 7028 1215
5274 7032 1210
5277 7036 1205
5280 7040 1200
5283 7044 1195
5286 7048 1190
5289 7052 1185
5292 7056 1180
5295 7060 1175
5298 7064 1170
5301 7068 1165
5304 7072 1160
5307 7076 1155
5310 7080 1150
5313 7084 1145
5316 7088 1140
5319 7092 1135
5322 7096 1130
5325 7100 1125
5328 7104 1120
5331 7108 1115
5334 7112 1110
5337 7116 1105
5340 7120 1100
5343 7124 1095
5346 7128 1090
5349 7132 1085
5352 7136 1080
5355 7140 1075
5358 7144 1070
5361 7148 1065
5364 7152 1060
5367 7156 1055
5370 7160 1050
5373 7164 1045
5376 7168 1040
5379 7172 1035
5382 7176 1030
5385 7180 1025
5388 7184 1020
5391 7188 1015
5394 7192 1010
5397 7196 1005
5400 7200 1000
5403 7204 995
5406 7208 990
5409 7212 985
5412 7216 980
5415 7220 975
5418 7224 970
5421 7228 965
5424 7232 960
5427 7236 955
5430 7240 950
5433 7244 945
5436 7248 940
5439 7252 935
5442 7256 930
5445 7260 925
5448 7264 920
5451 7268 915
5454 7272 910
5457 7276 905
5460 7280 900
5463 7284 895
5466 7288 890
5469 7292 885
5472 7296 880
5475 7300 875
5478 7304 870
5481 7308 865
5484 7312 860
5487 7316 855
5490 7320 850
5493 7324 845
5496 7328 840
5499 7332 835
5502 7336 830
5505 7340 825
5508 7344 820
5511 7348 815
5514 7352 810
5517 7356 805
5520 7360 800
5523 7364 795
5526 7368 790
5529 7372 785
5532 7376 780
5535 7380 775
5538 7384 770
5541 7388 765
5544 7392 760
5547 7396 755
5550 7400 750
5553 7404 745
5556 7408 740
5559 7412 735
5562 7416 730
5565 7420 725
5568 7424 720
5571 7428 715
5574 7432 710
5577 7436 705
5580 7440 700
5583 7444 695
5586 7448 690
5589 7452 685
5592 7456 680
5595 7460 675
5598 7464 670
5601 7468 665
5604 7472 660
5607 7476 655
5610 7480 650
5613 7484 645
5616 7488 640
5619 7492 635
5622 7496 630
5625 7500 625
5628 7504 620
5631 7508 615
5634 7512 610
5637 7516 605
5640 7520 600
5643 7524 595
5646 7528 590
5649 7532 585
5652 7536 580
5655 7540 575
5658 7544 570
5661 7548 565
5664 7552 560
5667 7556 555
5670 7560 550
5673 7564 545
5676 7568 540
5679 7572 535
5682 7576 530
5685 7580 525
5688 7584 520
5691 7588 515
5694 7592 510
5697 7596 505
5700 7600 500
5703 7604 495
5706 7608 490
5709 7612 485
5712 7616 480
5715 7620 475
5718 7624 470
5721 7628 465
5724 7632 460
5727 7636 455
5730 7640 450
5733 7644 445
5736 7648 440
5739 7652 435
5742 7656 430
5745 7660 425
5748 7664 420
5751 7668 415
5754 7672 410
5757 7676 405
5760 7680 400
5763 7684 395
5766 7688 390
5769 7692 385
5772 7696 380
5775 7700 375
5778 7704 370
5781 7708 365
5784 7712 360
5787 7716 355
5790 7720 350
5793 7724 345
5796 7728 340
5799 7732 335
5802 7736 330
5805 7740 325
5808 7744 320
5811 7748 315
5814 7752 310
5817 7756 305
5820 7760 300
5823 7764 295
5826 7768 290
5829 7772 285
5832 7776 280
5835 7780 275
5838 7784 270
5841 7788 265
5844 7792 260
5847 7796 255
5850 7800 250
5853 7804 245
5856 7808 240
5859 7812 235
5862 7816 230
5865 7820 225
5868 7824 220
5871 7828 215
5874 7832 210
5877 7836 205
5880 7840 200
5883 7844 195
5886 7848 190
5889 7852 185
5892 7856 180
5895 7860 175
5898 7864 170
5901 7868 165
5904 7872 160
5907 7876 155
5910 7880 150
5913 7884 145
5916 7888 140
5919 7892 135
5922 7896 130
5925 7900 125
5928 7904 120
5931 7908 115
5934 7912 110
5937 7916 105
5940 7920 100
5943 7924 95
5946 7928 90
5949 7932 85
5952 7936 80
5955 7940 75
5958 7944 70
5961 7948 65
5964 7952 60
5967 7956 55
5970 7960 50
5973 7964 45
5976 7968 40
5979 7972 35
5982 7976 30
5985 7980 25
5988 7984 20
5991 7988 15
5994 7992 10
5997 7996 5
